Time_s   F1_Hz   F2_Hz   F3_Hz   F4_Hz
0.032085   894.975404   1845.307645   3020.119818   4061.390473
0.038335   867.991239   1722.814886   2473.220402   3931.289023
0.044585   763.056544   1817.342438   2683.515827   3949.634608
0.050835   733.315975   1789.782845   2862.558689   3877.721436
0.057085   803.948684   1694.933794   3377.992895   3881.763176
0.063335   583.270750   1268.772117   2692.678777   3916.622980
0.069585   663.528046   1264.676931   2691.856629   3944.457730
0.075835   665.423816   1180.320946   2724.957927   3937.822422
0.082085   697.944162   1135.960844   2933.227697   3937.713637
0.088335   708.462585   1216.545938   2941.897603   3187.105509
0.094585   722.076305   1249.145960   2666.577954   3682.055227
0.100835   710.553311   1231.792028   2699.824833   3627.880820
0.107085   655.987036   1226.859379   2824.619116   3594.339474
0.113335   615.862764   1232.813365   2764.402037   3479.452626
0.119585   616.628929   1219.933600   2851.794601   3577.926167
0.125835   650.364818   1221.908997   2934.622142   3947.926962
0.132085   700.565449   1270.458170   2941.401160   3931.994858
0.138335   674.737402   1260.922434   2931.922300   3960.086767
0.144585   676.432218   1239.524467   2914.831174   3986.916438
0.150835   664.529630   1211.933939   2922.808747   3963.712888
0.157085   665.549149   1196.430157   2828.956801   3976.930626
0.163335   665.262188   1168.507059   2754.793221   4001.223771
0.169585   702.640885   1226.944895   2930.334063   4044.768303
0.175835   716.956343   1243.356765   2943.927701   4028.837776
0.182085   646.162442   1205.887511   2918.385527   4034.237575
0.188335   621.270885   1207.754556   2861.479625   4115.106197
0.194585   646.197810   1225.239145   2856.897126   4236.056597
0.200835   648.236807   1219.400653   2881.852340   4152.569216
0.207085   668.360337   1229.675302   2884.375500   4145.165409
0.213335   706.607510   1253.009563   2895.931714   4139.135494
0.219585   746.595471   1268.353746   2846.311909   4050.145057
0.225835   755.418134   1276.659486   2852.333926   4056.140568
0.232085   689.841908   1277.928216   2859.121987   4089.127424
0.238335   733.733413   1311.641014   2810.881673   4035.943188
0.244585   781.100690   1333.251521   2806.234897   3953.094142
0.250835   760.683905   1319.975116   2815.334567   4050.046332
0.257085   777.735285   1340.191152   2806.391923   4026.042214
0.263335   790.550118   1335.942018   2779.517798   4029.923299
0.269585   774.408895   1331.001769   2844.866379   4049.734441
0.275835   769.303851   1334.770616   2887.523335   4023.954172
0.282085   762.684109   1337.461707   2883.183439   3976.627240
0.288335   766.708705   1330.311505   2896.636414   4006.085264
0.294585   766.647294   1335.538548   2890.111324   4102.908704
0.300835   699.179538   1314.643521   2995.679804   4079.262019
0.307085   590.338142   1283.298048   2977.326398   4085.316714
0.313335   703.307649   1333.969732   2965.776994   4077.755289
0.319585   718.627695   1344.933924   2911.460667   4076.820529
0.325835   756.775714   1331.113507   2870.153621   4042.243931
0.332085   651.140803   1251.997392   2904.385604   4033.398905
0.338335   593.099598   1227.239694   2860.426704   4033.643530
0.344585   569.790297   1220.985781   2905.635750   3974.004371
0.350835   609.688607   1228.489482   2887.938039   3943.741582
0.357085   591.876144   1209.062544   2892.702017   3914.037063
0.363335   567.566291   1214.518279   2977.499609   3934.695054
0.369585   598.317267   1234.710833   2973.985489   3986.708941
0.375835   548.689536   1218.448199   2998.019494   3982.249828
0.382085   515.612200   1198.577172   2984.190258   4013.369205
0.388335   515.104338   1196.599405   2913.025784   4002.124695
0.394585   516.326529   1178.055115   2897.090956   4036.957500
0.400835   502.432915   1171.445202   2882.308759   3993.347247
0.407085   528.959732   1213.738274   2911.155114   4029.178611
0.413335   535.510592   1205.171894   2911.049935   4057.510944
0.419585   544.255303   1192.799985   2897.535741   4030.179098
0.425835   584.395926   1217.350954   2847.353510   3955.661552
0.432085   612.242579   1226.358735   2891.038851   4002.950521
0.438335   586.916414   1215.844210   2908.345573   3955.186513
0.444585   624.258493   1222.661735   2949.615564   3960.207799
0.450835   641.519818   1231.322622   2935.636296   3974.192063
0.457085   630.533354   1230.542712   2924.595434   4010.421872
0.463335   613.017502   1222.774126   2954.466005   4021.861895
0.469585   624.018759   1225.511748   2886.546162   3992.715876
0.475835   627.574616   1234.518427   2932.360026   3990.286288
0.482085   643.005379   1230.285171   2935.493711   4002.334091
0.488335   640.911816   1228.498106   2875.160502   3970.799182
0.494585   647.894663   1233.154345   2872.772380   3921.019726
0.500835   652.680932   1232.421776   2971.750610   3938.603147
0.507085   642.042743   1236.153805   2939.283582   3900.102598
0.513335   668.097113   1245.207218   2951.413694   3950.115526
0.519585   677.154936   1243.734700   2886.796733   3878.042430
0.525835   670.251820   1235.417999   2853.904276   3881.485249
0.532085   661.949758   1234.682712   2867.094826   3933.286639
0.538335   681.415182   1235.101811   2907.395511   3864.684607
0.544585   681.529397   1238.118735   2853.655034   3884.850108
0.550835   681.956883   1266.193414   2828.671785   3928.123146
0.557085   678.810293   1251.749885   2839.767979   3910.929242
0.563335   673.762664   1234.171862   2838.464975   3934.745298
0.569585   648.656422   1221.868573   2865.733361   3928.854242
0.575835   637.396980   1200.376093   2873.802018   3996.300499
0.582085   619.184729   1183.231588   2889.627840   3945.798375
0.588335   665.112776   1220.134168   2894.055213   3910.503365
0.594585   677.368172   1244.270167   2866.533318   3911.048593
0.600835   682.257679   1248.025713   2850.391376   3917.107886
0.607085   689.189927   1254.045500   2838.960465   3865.832563
0.613335   669.686550   1225.733431   2860.351062   3844.493258
0.619585   669.204565   1234.312052   2898.351993   3867.944535
0.625835   690.607233   1257.279057   2916.543072   3813.260302
0.632085   661.237032   1228.473063   2893.758030   3839.447338
0.638335   628.806235   1195.526472   2901.365594   3872.834526
0.644585   629.176201   1215.207559   2930.332002   3963.660368
0.650835   672.502416   1232.269930   2904.944407   4047.950296
0.657085   676.038217   1244.138951   2889.481845   3944.056484
0.663335   697.200188   1254.769019   2848.175290   3965.970217
0.669585   707.730889   1268.023900   2857.569741   3997.447476
0.675835   707.601766   1252.527974   2824.732787   3974.788369
0.682085   708.924694   1236.110148   2778.712873   3973.717944
0.688335   708.666450   1244.628530   2899.856623   4010.645080
0.694585   698.638351   1256.955966   2872.121942   4013.909136
0.700835   716.964243   1259.667358   2819.666509   4002.569414
0.707085   704.686895   1253.059510   2852.019006   3995.163094
0.713335   687.173996   1243.650960   2894.882469   3983.714675
0.719585   676.130231   1249.313486   2888.080256   3916.733220
0.725835   696.032765   1267.500940   2870.871696   3956.068638
0.732085   680.136916   1249.520105   2883.688629   3987.541194
0.738335   676.782555   1254.518395   2863.533652   3978.056061
0.744585   704.889585   1262.014480   2835.860874   3995.834216
0.750835   677.440129   1242.377698   2831.112197   4030.390212
0.757085   663.343626   1228.868353   2857.931460   3946.195391
0.763335   654.635787   1221.589624   2823.544117   3917.659550
0.769585   676.255235   1240.922866   2813.545658   3900.708007
0.775835   692.325708   1253.911208   2800.643867   3930.890002
0.782085   696.956595   1246.698667   2795.184476   4031.644498
0.788335   689.252779   1240.153030   2821.828520   3994.128425
0.794585   709.010738   1274.710864   2826.426850   3914.760127
0.800835   716.345784   1285.925957   2815.597964   3995.351533
0.807085   716.986802   1284.271303   2830.491951   4029.149198
0.813335   712.676226   1297.245328   2854.054586   4006.603260
0.819585   708.140755   1282.697411   2851.394185   4026.549338
0.825835   711.256765   1268.264171   2811.282912   4050.302753
0.832085   708.262747   1272.425681   2798.700263   3969.024045
0.838335   704.786515   1266.997891   2827.201921   3929.345145
0.844585   724.662286   1275.372132   2838.457448   4005.223597
0.850835   728.500554   1255.259701   2804.814660   4016.976566
0.857085   716.160633   1250.178755   2812.855687   4001.861756
0.863335   717.604718   1262.612597   2804.133370   4002.715033
0.869585   715.791691   1260.677052   2795.265280   4047.285737
0.875835   718.050875   1278.586836   2826.461559   3991.000532
0.882085   718.710823   1286.859319   2843.866617   4009.887382
0.888335   718.241433   1286.897560   2814.943101   4090.792770
0.894585   726.244453   1280.844671   2820.441842   4039.801498
0.900835   722.771048   1258.988984   2803.899247   4053.763795
0.907085   712.529798   1228.767962   2825.860056   3992.033868
0.913335   715.001661   1229.571789   2812.309524   3858.957542
0.919585   711.808231   1225.247563   2790.811179   3900.454256
0.925835   699.550991   1210.570978   2833.636038   3868.429425
0.932085   699.123211   1212.060944   2848.223265   3910.999650
0.938335   718.533863   1257.576992   2828.668229   3937.049237
0.944585   716.646911   1254.574398   2831.665376   3921.459530
0.950835   711.868738   1216.131020   2830.555951   3891.498903
0.957085   707.586047   1223.465596   2862.837512   3953.257670
0.963335   715.337334   1228.998792   2828.472307   3950.910947
0.969585   725.296333   1244.109614   2801.932099   4023.178556
0.975835   720.122729   1214.148738   2803.025326   4025.888368
0.982085   714.645834   1221.438299   2822.135458   4097.350394
0.988335   720.632540   1229.166270   2808.788404   4025.819551
0.994585   716.734151   1221.125769   2804.601309   3998.696160
1.000835   716.455732   1225.779685   2794.476086   4021.582754
1.007085   726.378900   1244.098370   2796.507075   3988.866431
1.013335   726.711611   1278.574873   2806.065526   4027.926283
1.019585   721.533449   1275.896339   2806.169056   4071.516690
1.025835   714.161905   1264.743260   2831.162026   4060.765484
1.032085   702.166452   1215.891460   2851.145243   3990.989788
1.038335   711.853747   1215.203267   2827.229247   3973.749016
1.044585   712.817089   1235.939901   2847.710565   4011.055835
1.050835   726.128380   1243.724014   2810.165802   4042.096021
1.057085   719.722757   1230.437996   2814.884166   4037.695536
1.063335   717.969711   1286.766287   2829.163104   4022.056573
1.069585   716.170012   1304.613619   2817.480489   4042.500280
1.075835   721.892808   1294.208708   2834.798119   4080.642777
1.082085   716.223151   1287.353471   2807.645902   4013.829963
1.088335   709.756920   1267.350367   2837.277258   3965.880586
1.094585   718.101795   1286.839421   2823.890577   3963.864422
1.100835   719.116675   1255.503436   2825.006090   3874.720258
1.107085   707.629938   1262.069455   2866.805969   3975.829961
1.113335   713.840997   1271.062213   2850.930346   3974.392975
1.119585   714.147424   1264.274303   2877.369422   3916.333576
1.125835   705.750809   1289.983368   2867.082996   3935.176099
1.132085   714.909458   1311.040896   2830.832391   4013.784196
1.138335   723.518623   1289.856521   2816.472051   4031.562410
1.144585   716.011656   1254.916826   2803.892790   4032.238003
1.150835   711.671887   1288.215214   2807.780129   3976.604186
1.157085   711.028703   1282.875457   2793.229272   3951.630066
1.163335   712.326300   1239.709720   2829.997039   4007.929219
1.169585   717.796457   1211.340961   2842.230357   4020.175617
1.175835   706.842824   1279.046825   2885.390299   3883.349817
1.182085   709.237040   1268.885768   2881.382396   3833.404021
1.188335   720.287240   1226.012532   2840.105009   3961.307172
1.194585   705.607718   1223.724084   2812.796574   3957.387243
1.200835   716.267483   1279.990616   2844.261663   3950.978620
1.207085   719.383959   1300.008798   2841.379973   3874.127420
1.213335   720.530291   1311.350781   2845.682394   3833.258821
1.219585   713.910287   1238.056759   2847.963495   3910.488241
1.225835   702.454158   1203.384529   2893.470625   3960.875059
1.232085   693.078184   1256.022611   2824.332251   4022.479897
1.238335   710.466469   1252.034435   2821.176966   4024.054415
1.244585   711.035525   1231.701287   2820.567732   4007.270581
1.250835   713.225218   1273.700317   2793.941253   4041.149453
1.257085   710.016454   1263.444849   2812.040368   4034.136129
1.263335   706.077887   1297.640417   2833.657950   3934.325492
1.269585   705.501775   1298.601364   2883.833180   3886.940701
1.275835   691.340396   1302.065581   2918.829844   3860.451979
1.282085   687.580381   1305.566744   2984.173739   3890.202907
1.288335   690.356465   1286.295915   2981.847940   3878.936518
1.294585   696.017782   1286.484823   2929.929709   3820.511057
1.300835   690.333643   1267.082119   2862.514711   3862.736250
1.307085   695.190385   1283.551916   2889.081384   3904.952746
1.313335   690.024499   1321.640885   2912.347082   3874.920350
1.319585   687.773184   1310.832408   2938.303596   3916.820945
1.325835   691.284379   1291.921331   2912.339658   3922.750736
1.332085   699.738582   1306.012566   3014.357207   3816.970467
1.338335   687.103186   1302.940777   3015.620463   3911.206995
1.344585   667.275420   1306.153099   2920.567168   3859.564886
1.350835   655.118460   1314.153725   2874.148892   3852.950966
1.357085   645.178622   1280.510201   2844.720460   3898.202885
1.363335   642.377988   1291.375928   2855.770414   3905.750938
1.369585   623.232705   1267.503258   2819.620590   3892.382756
1.375835   617.637227   1267.841011   2845.885720   3855.745616
1.382085   640.511629   1283.941934   2840.438549   3872.978488
1.388335   651.066797   1294.126822   2861.661076   3879.112828
1.394585   650.270032   1281.435985   2904.984934   4026.204222
1.400835   680.852031   1316.870061   2936.949898   4101.407401
1.407085   669.045050   1412.648286   2949.823714   4067.826188
1.413335   612.201508   1437.059427   2991.647448   4071.060645
1.419585   650.639250   1383.587454   2994.644749   4080.756091
1.425835   780.182587   1326.286360   2968.956947   3937.251911
1.432085   735.903602   1303.926974   2915.077373   3928.159048
1.438335   682.731313   1308.214135   2918.670295   3986.361023
1.444585   719.243807   1341.617073   2941.880762   3947.141093
1.450835   805.598281   1384.217178   2971.269795   4053.097281
1.457085   697.124268   1350.297976   3020.244401   4287.296477
1.463335   690.057301   1397.708596   2992.658072   4146.254856
1.469585   770.608846   1437.207646   2912.313399   4044.149114
1.475835   908.756026   1457.690754   2927.818721   4131.846169
1.482085   855.192623   1499.165667   2935.580689   4074.542500
1.488335   890.661616   1589.066130   2987.873728   4024.569430
1.494585   924.296799   1519.799316   3017.427217   4063.701825
1.500835   926.540835   1424.796752   3071.529965   4332.078314
1.507085   928.300282   1425.159065   3045.159236   4179.130524
1.513335   980.823645   1525.280214   3134.627205   4047.591529
1.519585   1011.891650   1645.815643   3152.248637   4169.440402
