Time_s   F1_Hz   F2_Hz   F3_Hz   F4_Hz
0.026832   618.093678   1860.398418   2809.422931   3811.735035
0.033082   757.566133   1768.730417   2156.595815   3650.457519
0.039332   1270.870856   2206.617843   3518.042276   4491.000482
0.045582   1155.459170   2428.711513   3787.188037   4255.666790
0.051832   336.435085   1491.824955   3339.106984   3717.232746
0.058082   322.021927   1090.672798   2858.459214   3806.149626
0.064332   320.931222   1034.407112   2886.644001   3770.953873
0.070582   307.723385   1046.488650   2479.805729   3557.890865
0.076832   295.185873   999.686322   2631.959163   3517.507451
0.083082   281.050618   970.361702   2685.795112   3519.565209
0.089332   264.202060   967.414872   2412.281595   3512.583265
0.095582   253.604630   964.410177   2336.144428   3495.956020
0.101832   273.635408   1002.424501   2243.953369   3508.687762
0.108082   283.740281   1011.151291   2329.893504   3610.649551
0.114332   282.860690   1002.838660   2402.562252   3634.977729
0.120582   276.105436   996.925286   2222.688254   3492.793867
0.126832   269.771000   976.699852   2444.032333   3515.712712
0.133082   269.387444   974.327593   2621.068840   3553.243954
0.139332   260.370110   995.330803   2610.231543   3526.952131
0.145582   249.257992   1005.773263   2639.961044   3655.300107
0.151832   252.050507   1015.936463   2763.066083   3890.047330
0.158082   253.294775   1021.352500   2638.771165   3523.507638
0.164332   254.779279   1027.182019   2665.510937   3612.810092
0.170582   255.079977   1027.751117   2740.406685   3800.787873
0.176832   255.281909   1026.316701   2833.004728   3767.731927
0.183082   261.001105   1032.404201   2903.936610   3433.374741
0.189332   270.234430   1035.303975   2633.622300   3465.248927
0.195582   278.180310   1035.457582   2673.573089   3337.809067
0.201832   284.093535   1031.293975   2541.882455   3426.008439
0.208082   290.286705   1038.612955   2440.406017   3461.337314
0.214332   297.060934   1036.129422   2529.500899   3551.812729
0.220582   300.075352   1029.014730   2437.798881   3526.074691
0.226832   301.649709   1031.723524   2432.002736   3545.619813
0.233082   301.646651   1028.295716   2399.411494   3587.424427
0.239332   301.161174   1038.669328   2516.161796   3656.836588
0.245582   299.156858   1033.732025   2516.769351   3558.261147
0.251832   296.479493   1026.794705   2503.279984   3423.171326
0.258082   293.258308   1024.039126   2696.134097   3415.714246
0.264332   292.773357   1024.266584   2563.106246   3443.152992
0.270582   292.399376   1012.963164   2441.892937   3401.230888
0.276832   289.788178   1010.090983   2533.766196   3388.992420
0.283082   288.965886   999.088531   2664.021823   3358.981273
0.289332   289.575209   999.516500   2833.385834   3339.726974
0.295582   286.163336   1000.600255   2804.857473   3471.554741
0.301832   280.720787   1005.486639   2686.577310   3602.298971
0.308082   277.109559   1009.795254   2819.445172   3445.000371
0.314332   274.851103   1007.297940   2824.555017   3411.855718
0.320582   271.277318   1006.473175   2683.911341   3415.733983
0.326832   269.716439   1009.026118   2600.906905   3394.436180
0.333082   269.018818   1014.290733   2843.948242   3437.782541
0.339332   267.945785   1013.389763   2764.378666   3365.275195
0.345582   267.489102   1014.848472   2510.682494   3362.469500
0.351832   265.729875   1012.898913   2455.223548   3410.421186
0.358082   263.128809   1015.549834   3080.535785   3198.761836
0.364332   260.491251   1011.512412   2959.989295   4101.718411
0.370582   259.120687   1008.650774   2941.176562   3877.038913
0.376832   258.200341   1006.279624   2998.114744   4020.674073
0.383082   257.615095   1005.968803   2864.700933   3964.171222
0.389332   257.288473   1002.207122   3047.856368   3592.294980
0.395582   255.864557   1010.478062   2933.988295   3853.346696
0.401832   255.613207   1002.253039   2735.048210   3561.011897
0.408082   256.595254   1008.877505   2575.138666   3470.664758
0.414332   257.229954   1018.984960   2652.656375   3442.588621
0.420582   257.335085   1021.669596   2781.390962   3380.197333
0.426832   259.316143   1021.998972   2792.706543   3420.492755
0.433082   260.463789   1017.809537   2771.404107   3473.899310
0.439332   263.484717   1020.277514   2823.898168   3365.547919
0.445582   266.872282   1025.680768   2973.648559   3279.916130
0.451832   270.782043   1021.931665   3118.698682   3250.806368
0.458082   275.415732   1036.077449   2985.070207   3594.897889
0.464332   278.513863   1037.024933   2544.980400   3482.391434
0.470582   284.802115   1036.868730   2538.084385   3465.229883
0.476832   288.966397   1036.082464   2964.208031   3359.141167
0.483082   290.346561   1040.777072   3075.471598   3351.461463
0.489332   289.384142   1019.417712   2669.541751   3404.640202
0.495582   288.744416   1010.515934   2432.421335   3426.158984
0.501832   289.532194   1000.270026   2319.096079   3478.412711
0.508082   292.074947   992.477273   2337.375960   3489.584610
0.514332   292.449630   987.520513   2431.676328   3490.489858
0.520582   295.838100   983.281222   2527.172654   3586.914147
0.526832   294.636145   980.964635   2707.647482   3784.141727
0.533082   291.594101   985.702847   2743.470758   3978.690999
0.539332   293.932485   992.140851   2840.802273   3938.666357
0.545582   293.861425   1006.489812   2929.771789   3844.910897
0.551832   292.273433   991.013290   2759.777967   3470.688357
0.558082   292.525453   986.360711   2561.468760   3487.119876
0.564332   294.342188   992.487420   2565.778074   3475.907296
0.570582   296.031155   996.581320   2434.471222   3499.052595
0.576832   295.368678   995.834969   2387.452712   3543.714248
0.583082   293.223477   991.865760   2600.003170   3606.737727
0.589332   292.762163   1009.648632   2705.248982   3608.117974
0.595582   296.457614   1021.889668   2734.937292   3565.687943
0.601832   298.546058   996.877164   2509.936793   3553.700793
0.608082   300.494231   1001.353947   2536.509277   3568.946923
0.614332   295.618924   980.931380   2605.625813   3596.095779
0.620582   301.060429   994.502078   2698.305235   3716.128165
0.626832   302.859938   1007.999124   2881.931093   3879.258097
0.633082   308.251339   1005.722304   2964.420911   3542.624689
0.639332   307.099468   1028.357581   2507.471885   3523.224441
0.645582   301.438514   974.248916   2386.126909   3564.020541
0.651832   297.643165   971.083804   2311.228455   3586.527964
0.658082   297.510443   1015.926505   2693.953136   3559.050026
0.664332   293.406591   998.957621   2811.624496   3618.132709
0.670582   290.658822   981.046600   2729.544473   3554.846329
0.676832   289.823347   990.478044   2729.338686   3417.069682
0.683082   289.493818   999.465636   2782.364338   3412.944773
0.689332   287.476447   986.425678   2905.508958   3595.700950
0.695582   282.520505   974.492839   2607.296905   3553.120314
0.701832   280.650650   981.888967   2705.242351   3520.237949
0.708082   281.210133   987.674149   2824.811978   3683.158461
0.714332   281.988645   983.218446   2755.920638   3752.324374
0.720582   282.675212   988.471514   2810.424738   3758.394656
0.726832   282.685921   988.670014   2740.946332   3533.720966
0.733082   288.866901   986.121799   2743.511533   3527.607100
0.739332   292.277984   979.804441   2717.339052   3563.215231
0.745582   294.600849   980.038014   2722.547746   3512.641183
0.751832   293.804083   984.808089   2647.686162   3526.479969
0.758082   292.250842   986.613194   2750.808609   3615.622971
0.764332   293.691678   990.412889   2799.811599   3712.866242
0.770582   294.418271   987.987447   2667.140818   3614.864765
0.776832   295.575634   991.618151   2957.269887   3470.082770
0.783082   296.297447   985.800613   2851.770035   3549.953721
0.789332   294.234133   990.236626   2942.419002   3723.707569
0.795582   291.892508   976.293460   2620.134568   3418.940099
0.801832   294.387376   983.938324   2839.895792   3660.814868
0.808082   299.414473   997.508800   2807.701818   3751.891931
0.814332   297.794322   972.845154   2616.351748   3512.758383
0.820582   299.709900   993.290067   2914.925864   3710.251270
0.826832   305.970999   1012.748325   2984.884321   3801.876312
0.833082   308.406747   1010.982940   3128.761738   3779.119107
0.839332   306.962170   1012.806657   3081.934393   3792.091362
0.845582   305.641371   984.067436   3320.755981   3908.243448
0.851832   316.221071   911.191578   2375.312962   3423.779640
0.858082   324.861587   822.095961   2242.762010   3472.050388
0.864332   332.748744   827.090433   2107.171130   3503.000924
0.870582   326.174992   926.638163   2205.397885   3492.528578
0.876832   339.568136   1489.940349   3455.451387   4489.000059
0.883082   334.923033   758.238635   1847.902436   3497.355010
0.889332   340.294151   643.378350   1603.291113   3528.223129
0.895582   333.794478   812.049937   1809.957730   3476.371955
0.901832   327.141530   870.641942   2058.385988   3435.637501
0.908082   334.439489   801.036275   2201.369755   3498.486982
0.914332   319.148969   849.210196   2354.743109   3470.647565
0.920582   318.749642   944.769215   2450.128465   3452.862694
0.926832   328.317305   892.530092   2083.385409   3452.168881
0.933082   324.187576   828.330848   2138.416221   3461.155160
0.939332   317.168042   827.782458   2121.585829   3438.209781
0.945582   315.507886   839.315878   2192.352068   3476.656322
0.951832   317.039119   861.787524   2228.484190   3466.458581
0.958082   320.207916   861.734690   2191.647518   3447.367331
0.964332   326.790550   915.600624   2192.948524   3498.239181
0.970582   333.704592   907.175454   2214.378450   3504.798681
0.976832   331.280536   1009.300123   1638.286483   3474.952959
0.983082   328.515129   1143.385086   3502.396123   3558.255809
0.989332   315.467740   909.410284   2030.226266   3466.913670
0.995582   307.873050   915.292254   2218.095765   3452.427309
1.001832   314.786538   995.689877   2812.342522   3693.902823
1.008082   323.631219   1254.013304   3608.808659   3693.461697
1.014332   332.999716   742.376546   1891.065155   3462.962166
1.020582   348.505614   514.492889   2042.597910   3573.003226
1.026832   333.972196   663.367576   2126.218659   3569.662078
1.033082   313.487549   763.897509   2173.423804   3601.748055
1.039332   315.299469   750.574041   2158.739838   3609.366972
1.045582   313.226768   762.107546   2159.417428   3573.639207
1.051832   314.262339   735.189443   2156.247588   3571.974133
1.058082   308.196797   753.483765   2109.300015   3600.007580
1.064332   301.219420   807.243392   2171.223185   3654.213197
1.070582   301.465167   792.110818   2160.891385   3637.601291
1.076832   303.361668   773.202942   2219.567889   3624.962992
1.083082   309.374816   751.362238   2258.368610   3618.827092
1.089332   320.430554   724.740661   2116.734892   3582.539900
1.095582   342.155971   608.873739   1995.321158   3555.564601
1.101832   356.508068   567.243711   2013.847252   3553.868823
1.108082   355.894028   399.776400   1991.239067   3538.337503
1.114332   358.255723   605.834528   1933.956392   3555.332283
1.120582   322.250477   967.370539   3082.599087   3537.835918
1.126832   312.702663   1017.466062   3298.678324   4521.810227
1.133082   286.904701   891.848611   2247.722827   3483.763817
1.139332   260.201760   910.656516   2295.247254   3521.239136
1.145582   256.018926   920.825181   3044.641231   3965.401471
1.151832   246.341195   882.313829   2654.368552   3562.398983
1.158082   251.716337   1004.983578   3031.214286   3493.339682
1.164332   271.482874   1034.630146   3043.729258   4484.160129
1.170582   281.986981   1026.163952   3091.742751   4427.409472
1.176832   275.387867   1041.402377   3137.663042   4394.255888
1.183082   289.209392   1024.752081   3066.454264   3959.254022
1.189332   67.656905   1009.472363   3041.082625   4847.376781
1.195582   909.655294   1846.050547   3120.507326   4398.135662
1.201832   922.946199   2854.772025   3400.128035   4921.195835
1.208082   675.498310   997.493940   2849.817867   3459.357507
1.214332   767.497204   1035.598614   2762.614279   3441.300931
1.220582   938.606193   1571.439845   2503.366388   3561.692961
1.226832   847.551031   1630.284487   3200.719855   4103.946868
1.233082   781.012006   1478.957159   3122.208686   4144.170028
1.239332   799.093634   1379.610003   3088.290683   3693.938484
1.245582   777.468347   1313.229393   2737.357747   3673.152228
1.251832   739.837011   1344.942245   2729.044786   3784.293437
1.258082   632.860430   1380.704193   2992.772868   3884.639849
1.264332   655.624351   1377.636634   2707.163377   3923.242605
1.270582   854.463173   1376.114704   2486.792403   3785.516145
1.276832   816.234540   1457.409332   2509.407884   3743.365139
1.283082   777.052158   1517.436392   2541.400914   3889.894087
1.289332   725.720466   1526.406864   2885.786502   3971.830163
1.295582   617.655781   1659.507327   2938.192797   4017.042225
1.301832   807.097265   1987.276763   3115.990825   4810.146174
1.308082   855.914157   1946.620235   3186.996661   4453.379371
1.314332   740.354107   1905.282826   2606.259485   3683.051168
1.320582   652.151379   1771.406630   2861.146387   3956.755216
1.326832   637.059465   1877.073060   2952.915066   3786.712867
1.333082   699.837684   1670.228509   2858.064633   3858.615771
1.339332   743.983581   1851.055770   2916.640623   3985.341463
1.345582   748.822412   2248.881835   2931.390895   4532.224529
1.351832   774.144072   1929.314561   2818.223070   4327.399985
1.358082   732.819313   1908.526076   2687.733100   3880.428240
1.364332   572.865693   1929.689782   2824.481304   4026.451445
1.370582   543.970102   1946.108456   3109.892541   4211.383334
