Time_s   F1_Hz   F2_Hz   F3_Hz   F4_Hz
0.163071   842.558709   1486.156456   2744.702201   3611.429004
0.169321   938.937446   1470.078700   2600.879954   3566.345556
0.175571   1044.253382   1506.554530   2493.267985   3677.307531
0.181821   896.179512   1687.871970   2790.564820   3519.143642
0.188071   899.078135   1645.386267   2640.412775   3813.557014
0.194321   970.099548   1608.027164   2519.208319   3849.889563
0.200571   899.785241   1563.705988   2590.537124   3645.290760
0.206821   778.353110   1588.284440   2653.287249   3680.970416
0.213071   662.367230   1554.605360   2459.261774   3615.038461
0.219321   692.052858   1140.632611   2508.723069   3699.220738
0.225571   675.399905   1069.758170   2602.946784   3628.498659
0.231821   677.751354   1090.820184   2560.084193   3536.856140
0.238071   663.244967   1074.537763   2536.571464   3559.384644
0.244321   659.934422   1247.264604   2977.507812   3708.323154
0.250571   544.413905   1226.588579   2972.927249   3724.056734
0.256821   445.208980   1172.115582   2757.063486   3692.390765
0.263071   766.062726   1173.123494   2855.748524   3712.113629
0.269321   775.477776   1179.023235   2864.593049   3297.059147
0.275571   752.639337   1167.110376   2896.842819   2974.997269
0.281821   794.559058   1162.176312   2883.667107   3322.008083
0.288071   843.801667   1190.565660   2857.789772   3701.403381
0.294321   863.398433   1205.828695   2847.176738   3726.390910
0.300571   877.201621   1224.793087   2850.509874   3727.149187
0.306821   859.269888   1225.055590   2891.545699   3714.652607
0.313071   843.344100   1202.689146   2918.610673   3787.830542
0.319321   843.971423   1204.337822   2928.318481   3799.745788
0.325571   850.341740   1204.655003   2924.257371   3805.265791
0.331821   856.550451   1217.041805   2958.630977   3800.460339
0.338071   846.514852   1232.209786   2934.040257   3770.443175
0.344321   839.016587   1237.416076   2924.619772   3791.290914
0.350571   834.335226   1226.290138   2941.831545   3774.691299
0.356821   832.730666   1230.950246   2913.601926   3778.091907
0.363071   831.041251   1235.139014   2896.132402   3821.349304
0.369321   831.810474   1242.228943   2911.003149   3808.037857
0.375571   827.642010   1234.900993   2914.663906   3803.218584
0.381821   820.379866   1226.105518   2930.406144   3775.759609
0.388071   814.755248   1217.465882   2944.290152   3773.930232
0.394321   810.451673   1202.195061   2944.958915   3768.365526
0.400571   808.646635   1196.906908   2961.240201   3789.766196
0.406821   802.179969   1210.834621   2948.559882   3824.286886
0.413071   793.111961   1208.552246   2934.140778   3825.990132
0.419321   793.919279   1193.411783   2913.502559   3836.815110
0.425571   782.342100   1177.257822   2958.869750   3849.560958
0.431821   766.392333   1167.542608   2995.116232   3830.347700
0.438071   776.492217   1176.022483   2958.031571   3818.691307
0.444321   797.037411   1207.462273   2939.915067   3810.159176
0.450571   787.361154   1190.410540   2965.562699   3843.459628
0.456821   781.992594   1185.539152   2971.015621   3836.183103
0.463071   769.896718   1176.346957   2955.740089   3844.646905
0.469321   755.546031   1168.567515   2956.091279   3909.987887
0.475571   760.237255   1184.084835   2958.387166   3838.857226
0.481821   764.831822   1190.105610   2934.073782   3823.345170
0.488071   758.887043   1196.889664   2899.446705   3774.587527
0.494321   765.947938   1207.151758   2900.515617   3793.069637
0.500571   771.101228   1205.872465   2960.933433   3789.183639
0.506821   767.575236   1210.110124   2925.540988   3819.621559
0.513071   764.803767   1228.907506   2901.878218   3847.779398
0.519321   755.430245   1224.001183   2934.316259   3851.484714
0.525571   738.280394   1182.605286   2937.464226   3809.640101
0.531821   745.250997   1192.871924   2855.799148   3808.748317
0.538071   741.382118   1182.693204   2861.555364   3813.728670
0.544321   728.079318   1162.158247   2889.065539   3801.606923
0.550571   739.961161   1182.486300   2906.632243   3791.775682
0.556821   710.284150   1153.341759   2951.693177   3812.922789
0.563071   752.910305   1210.345369   2906.232122   3799.252732
0.569321   770.712916   1232.735971   2831.512260   3790.181325
0.575571   755.700707   1229.211895   2893.340804   3819.011397
0.581821   758.628233   1216.834406   2948.596296   3801.056317
0.588071   763.786413   1215.613405   2906.295101   3788.929706
0.594321   731.458825   1177.647951   2916.788568   3810.828674
0.600571   722.070750   1164.777688   2887.858776   3806.806339
0.606821   741.148427   1197.273587   2834.869448   3787.233808
0.613071   709.983052   1158.245202   2843.723101   3798.060317
0.619321   732.678326   1176.562960   2823.565202   3775.506592
0.625571   769.443907   1242.996113   2805.241265   3751.082509
0.631821   771.997569   1247.268198   2876.138548   3766.508481
0.638071   760.549534   1218.242582   2891.284125   3779.349559
0.644321   729.500997   1156.362394   2843.387138   3792.889255
0.650571   745.547104   1183.513970   2830.456436   3801.122800
0.656821   760.769716   1201.205979   2844.818614   3762.091091
0.663071   773.788134   1237.475527   2831.028628   3745.393104
0.669321   783.238838   1270.103391   2807.510788   3710.246663
0.675571   773.057448   1245.425595   2840.534292   3740.081110
0.681821   763.263310   1226.681502   2857.910579   3766.006496
0.688071   762.203966   1231.074169   2837.204207   3763.946045
0.694321   758.379151   1235.562505   2845.696002   3770.757108
0.700571   757.765460   1234.076978   2849.087928   3782.174359
0.706821   760.573832   1235.886716   2872.618338   3799.995783
0.713071   768.790122   1263.699167   2905.314770   3770.298266
0.719321   775.340328   1275.570840   2861.410913   3730.103240
0.725571   776.900994   1252.567629   2841.763191   3736.872426
0.731821   779.153611   1231.953211   2878.079183   3791.406995
0.738071   774.906894   1199.422817   2919.946261   3784.058630
0.744321   764.141865   1150.037475   2849.305867   3774.230589
0.750571   772.225270   1136.493768   2847.741848   3788.128052
0.756821   767.811200   1136.536636   2846.400124   3793.901008
0.763071   789.491494   1134.164618   2810.741657   3761.245390
0.769321   793.124751   1107.263235   2780.514849   3762.417028
0.775571   750.326743   1106.662252   2777.121084   3787.194813
0.781821   687.689952   1114.412761   2777.454535   3790.727898
0.788071   638.681435   1128.200069   2758.422199   3796.202249
0.794321   680.399425   1130.377570   2789.102927   3756.591187
0.800571   706.594577   1149.948480   2752.954638   3747.491367
0.806821   679.443815   1146.557547   2618.234465   3691.131280
0.813071   712.135974   1146.372044   2557.117407   3571.709690
0.819321   756.528910   1458.223509   2716.225714   3782.218497
0.825571   775.574391   1503.312637   2725.584497   3810.948110
0.831821   1041.098638   1637.097106   2918.950148   3894.072082
0.838071   1091.561342   1611.444625   2899.024644   3799.067489
0.844321   1013.493769   1484.842241   2190.239384   3762.611550
0.850571   994.896354   1314.380229   2372.990898   3679.944168
0.856821   1130.234655   1194.302426   2667.120349   3798.470495
0.863071   926.270823   1410.211987   2811.273630   3659.954787
0.869321   883.737910   1426.094319   2760.621628   3613.699166
0.875571   759.253457   1386.337646   2599.130583   3588.490187
0.881821   783.376805   1402.204623   2495.199522   3490.277324
0.888071   813.338956   1385.309412   2438.818603   3512.544906
0.894321   869.097335   1082.830649   1930.064804   3448.183222
0.900571   761.393970   1519.377634   3384.493626   3579.443896
0.906821   679.808092   1488.546740   2742.928631   3528.436720
0.913071   837.841982   1555.029109   2471.858293   3503.839203
0.919321   859.290453   1714.911461   2793.855298   3566.007767
0.925571   766.314976   1610.102656   2562.146423   3587.915393
0.931821   787.417043   1592.393232   2494.737268   3687.452958
0.938071   793.762618   1696.181570   2772.766060   3977.201234
0.944321   767.559568   1626.980547   2715.163499   3569.830903
0.950571   841.357646   1640.247672   2669.418005   3612.518901
0.956821   889.233356   1803.406296   3191.844635   4005.357517
0.963071   843.847898   1770.064019   3244.141528   3897.372464
0.969321   722.524718   1612.318768   2549.848788   3695.390663
0.975571   807.572953   1610.201426   2573.676729   3744.282004
0.981821   849.575936   1619.284057   2615.019920   3684.764081
0.988071   864.887783   1559.415271   2634.275347   3544.301310
0.994321   963.262153   1688.612686   2596.519726   3614.361312
1.000571   928.508242   2163.752186   2766.880165   3715.627933
1.006821   812.417947   1615.542879   2606.759400   3535.160237
1.013071   828.186770   1488.593074   2627.614676   3524.168238
1.019321   808.645239   1551.192999   2670.933469   3597.480208
1.025571   802.718953   1505.811492   2517.876743   3669.568613
1.031821   849.019727   1560.703066   2572.405860   3555.985445
1.038071   786.807793   1683.701986   2568.566055   3553.137878
1.044321   747.338644   1648.084490   2453.849545   3507.918050
1.050571   839.235112   1619.444605   2517.542389   3638.515087
1.056821   901.053530   1542.026567   2572.155751   3717.086641
1.063071   939.889036   1564.134775   2865.940547   3808.377292
1.069321   901.236667   1633.958544   2782.068355   3663.260916
1.075571   913.890101   1710.710682   2736.369857   3624.343663
1.081821   954.759135   1729.973643   2701.954030   3686.828099
1.088071   935.240361   1720.369402   2760.234283   3755.785353
1.094321   903.736964   1611.923362   2908.139075   3611.746881
1.100571   916.765031   1558.228344   2831.447517   3641.172725
1.106821   998.008894   1585.539800   2743.635688   3587.611661
1.113071   961.553012   1648.309780   2619.073307   3630.325501
1.119321   884.970252   1285.683226   2561.969316   3631.398628
1.125571   1364.322763   2469.812975   3580.310576   5002.982318
1.131821   224.887013   1444.235836   2411.039002   3524.499654
1.138071   221.361135   1261.724716   2357.982674   3442.356056
1.144321   672.821736   2248.722683   3432.339466   4761.256973
1.150571   782.708955   2129.286759   3547.396222   4565.631086
1.156821   206.634876   1284.293380   2403.029122   3553.345351
1.163071   198.640140   1201.455469   2479.485632   3851.321891
1.169321   202.662117   1221.783239   2361.118431   3900.236061
1.175571   210.304092   1131.759547   2394.862156   3647.780429
1.181821   210.921127   1439.852177   2564.806526   3571.335487
1.188071   229.239733   1538.515731   2553.131440   3712.413350
1.194321   301.111686   1260.640633   2322.044056   3656.438806
1.200571   321.308275   955.386482   2333.799221   3535.749935
1.206821   346.435629   774.093444   2200.513999   3536.633106
1.213071   342.109744   664.545852   2445.983228   3483.304822
1.219321   360.736157   598.181998   2488.351199   3489.020424
1.225571   326.375066   586.043292   2520.554980   3583.073818
1.231821   316.953216   600.275990   2550.708483   3609.698859
1.238071   311.404032   604.202272   2573.217525   3582.729823
1.244321   302.981365   593.873662   2488.029152   3559.255783
1.250571   299.512053   584.315864   2557.365989   3543.663769
1.256821   273.827118   574.413966   2534.135792   3497.064941
1.263071   315.185843   594.510345   2405.670339   3566.943084
1.269321   330.477399   606.488490   2369.949056   3565.419209
1.275571   342.237029   592.226878   2352.002353   3511.302950
1.281821   331.548319   576.569745   2453.686855   3548.447747
1.288071   312.753275   584.501589   2583.613692   3572.030112
1.294321   326.168474   580.613574   2479.775059   3532.055484
1.300571   337.462532   589.516357   2395.533295   3535.193718
1.306821   328.609662   604.998281   2558.838490   3549.557886
1.313071   328.947009   590.752614   2496.564794   3568.879572
1.319321   336.418720   618.740538   2514.279018   3576.570547
1.325571   327.374551   632.016002   2586.995326   3600.338647
1.331821   330.327714   627.980631   2506.341999   3530.641279
1.338071   331.536260   637.488622   2529.790288   3537.286682
1.344321   358.152957   620.301837   2472.774709   3556.804243
1.350571   380.211055   614.250799   2399.470036   3561.715844
1.356821   367.871107   650.995826   2392.099850   3529.694529
1.363071   376.032328   663.077605   2413.281500   3494.554351
1.369321   363.070254   675.568226   2442.774770   3514.877474
1.375571   354.115912   699.003314   2537.403726   3551.014476
1.381821   362.626299   727.899377   2523.739926   3521.404509
1.388071   366.541433   742.838432   2472.420979   3571.946984
1.394321   370.317828   746.451832   2447.179250   3596.503444
1.400571   378.798953   760.180207   2533.789594   3552.439310
1.406821   387.072254   777.301232   2550.191129   3543.731285
1.413071   392.188008   794.822001   2567.332478   3536.754074
1.419321   398.413696   818.101501   2509.186279   3555.343751
1.425571   401.018242   836.982095   2572.352949   3571.167588
1.431821   404.807051   851.875821   2585.227831   3575.865187
1.438071   413.960089   866.238539   2472.430170   3546.722066
1.444321   417.712627   865.420743   2472.908266   3576.268361
1.450571   417.842985   864.722039   2499.846749   3582.460164
1.456821   423.139105   869.005470   2603.065597   3573.321031
1.463071   425.337848   877.472886   2709.238736   3580.162409
1.469321   426.920803   889.455823   2623.736827   3544.111593
1.475571   429.761629   899.059306   2561.795749   3559.818616
1.481821   431.371572   902.284148   2673.461614   3630.585195
1.488071   430.871828   901.589334   2663.263859   3588.233707
1.494321   427.954853   902.118918   2688.601684   3590.249397
1.500571   428.802725   900.352030   2703.015964   3531.465087
1.506821   426.515202   898.912381   2728.177007   3615.266579
1.513071   425.698392   899.050602   2622.337046   3579.980636
1.519321   428.865662   897.833126   2636.437501   3586.455160
1.525571   424.492196   888.155636   2636.235269   3540.429662
1.531821   424.017789   881.446276   2631.768509   3552.733036
1.538071   425.379577   878.886953   2667.279617   3641.771409
1.544321   425.105078   868.091994   2686.328637   3636.666219
1.550571   426.307122   869.909152   2619.737357   3566.686851
1.556821   434.545068   875.201175   2575.954360   3544.977023
1.563071   440.673500   862.327415   2603.118366   3556.039834
1.569321   443.546375   864.363131   2636.791276   3577.613680
1.575571   443.305902   872.338982   2642.999962   3605.200761
1.581821   451.333895   875.203026   2721.470371   3643.627658
1.588071   460.403431   878.939188   2714.317262   3613.132994
1.594321   467.769752   881.671852   2640.445535   3579.997675
1.600571   468.339802   881.988467   2608.018525   3560.047684
1.606821   477.975205   884.297025   2655.260953   3547.314564
1.613071   490.239712   898.331371   2604.750781   3497.188268
1.619321   492.366362   903.131234   2569.479894   3528.740191
1.625571   496.770066   908.299788   2510.892811   3506.685626
1.631821   504.175124   902.313373   2598.462595   3506.679934
1.638071   512.807458   913.590828   2549.944638   3499.747869
1.644321   516.678211   917.260241   2504.336008   3509.118207
1.650571   514.347343   902.670276   2573.520066   3496.756340
1.656821   523.557480   889.238741   2963.876318   3111.414219
1.663071   520.333880   902.360027   2850.935197   3147.482853
1.669321   501.500336   880.472050   2774.772390   3215.305740
1.675571   506.127744   905.376297   2750.832586   3421.091985
1.681821   500.627200   1018.955994   2647.482198   3455.260564
1.688071   467.656938   1089.802262   2583.438238   3481.600903
1.694321   508.359251   1063.384814   2839.861768   3411.796471
1.700571   554.225102   1139.910546   2942.858386   4085.619496
1.706821   396.944413   1205.999061   2808.650567   3812.037701
1.713071   318.629424   1339.674579   2709.460346   3497.564487
1.719321   311.078758   1348.468403   2507.114897   3475.488683
1.725571   493.356354   1378.635213   2116.800006   3497.188305
1.731821   738.566665   1458.096589   2445.906129   3579.367963
1.738071   832.604598   1449.501978   2513.628860   3515.060799
1.744321   949.793794   1362.711661   2569.673264   3465.616293
1.750571   871.948167   1446.609223   2557.482477   3520.694445
1.756821   821.651940   1557.928719   2570.136928   3552.129025
1.763071   879.095661   1419.733638   2573.150687   3558.033658
1.769321   983.951382   1355.160753   2590.346158   3674.221924
1.775571   1019.077005   1214.269472   2648.425943   3543.892812
1.781821   1016.578388   1893.005371   3115.566147   3366.091724
1.788071   977.892657   1649.558667   2741.583419   3607.881321
1.794321   955.613701   1596.015583   2601.943799   3576.681958
1.800571   952.148904   1656.593024   2512.193460   3706.397091
1.806821   979.670229   1598.032329   2632.731983   3850.709924
1.813071   1051.143502   1423.026040   2690.127305   3755.836852
1.819321   977.136429   1606.490567   2772.257137   3484.900827
1.825571   910.822301   1754.860334   2771.190314   3430.036488
1.831821   958.734894   1595.857531   2709.163895   3521.772880
1.838071   934.915084   1546.838190   2703.081346   3575.224474
1.844321   929.425001   1604.931441   2735.194823   3585.012753
1.850571   908.829615   1766.579256   2723.435541   3625.487380
1.856821   912.802174   1582.498164   2560.156447   3592.866009
1.863071   743.909756   1691.133409   2580.250382   3637.062186
1.869321   756.013484   1763.927505   2595.580311   3601.092630
1.875571   886.002055   1805.789535   2508.367250   3732.778750
1.881821   1054.123553   1706.425086   2393.219195   3701.921076
1.888071   1109.416290   1801.475163   2290.382556   3652.939394
1.894321   966.969833   1614.579876   2525.232721   3605.341320
1.900571   1013.791850   1714.702212   2527.731041   3596.537621
1.906821   935.511932   1700.238853   2722.444980   3750.988970
1.913071   912.268460   1672.983699   2670.653185   3616.525506
1.919321   926.765038   1658.708486   2672.028317   3572.247354
1.925571   1098.878291   2035.854826   3119.354304   4141.244136
1.931821   1073.334462   2063.570003   3100.920373   4118.287382
1.938071   878.775221   1871.958878   2534.924545   3566.248365
1.944321   864.901343   1738.515402   2532.934617   3658.744401
1.950571   957.736075   1636.363518   2683.391362   3728.644305
1.956821   897.805334   1626.239351   2667.320590   3656.264826
1.963071   913.203461   1699.517134   2576.098296   3551.258159
1.969321   897.614514   1661.333310   2631.710291   3660.345067
1.975571   757.275774   1633.590978   2558.098967   3717.668389
1.981821   927.941455   1588.526064   2542.208794   3611.852962
1.988071   1072.825019   1722.948196   2701.244068   3715.664192
1.994321   958.114697   1856.071371   2986.749523   3690.032750
2.000571   911.097772   1692.345394   2942.826279   3684.335698
2.006821   928.622180   1676.761482   2892.444926   3673.044485
2.013071   867.132317   1681.250315   2679.482975   3566.595368
2.019321   866.205203   1650.406446   2605.599443   3547.158080
2.025571   886.231661   1584.255389   2550.061091   3588.990112
2.031821   892.974611   1830.047400   2962.475933   3682.378936
2.038071   893.855543   1864.765025   2919.458867   3465.597091
2.044321   901.617946   1828.188383   2461.510348   3516.323983
2.050571   979.602985   1943.227853   2763.813051   3611.050076
2.056821   924.617205   1787.847202   2895.088220   4039.124553
2.063071   1090.394272   1818.309243   2925.663270   4011.004817
2.069321   899.943580   1707.627128   2910.527098   4040.058311
2.075571   899.316855   1810.703445   2793.780279   4058.535202
2.081821   817.641134   1847.338109   2676.023494   3925.873391
2.088071   241.971484   1115.866896   2692.166500   3985.593358
2.094321   288.084390   1130.896634   2791.383449   3904.908063
2.100571   297.466468   1044.642037   2669.261219   3851.439454
2.106821   319.146306   1015.514960   2632.757545   3794.087492
2.113071   304.827984   988.575057   2662.563125   3858.476416
2.119321   303.059946   985.734851   2643.193008   3820.016751
2.125571   306.673197   1002.730882   2521.582781   3754.058408
2.131821   306.730868   1002.454674   2470.922833   3725.922626
2.138071   303.958392   996.633933   2480.126635   3768.855934
2.144321   299.097644   987.142603   2537.392357   3778.144050
2.150571   296.571843   977.111816   2545.321201   3793.536302
2.156821   294.174077   960.161821   2660.408168   3951.642606
2.163071   295.986747   993.676949   2619.955530   3955.789051
2.169321   294.941762   992.646446   2663.842576   4019.120457
2.175571   294.221369   936.756743   2685.389357   3933.488123
2.181821   291.987824   908.545613   2550.494142   3943.187078
2.188071   293.694729   920.897009   2609.318589   3980.169788
2.194321   296.790355   945.797641   2702.565998   3988.066029
2.200571   296.986902   940.084158   2703.396169   4001.968266
2.206821   298.020238   947.089873   2644.497692   3942.509792
2.213071   296.362075   959.969097   2536.187151   3938.103975
2.219321   296.947469   957.994776   2516.613692   3899.935592
2.225571   301.288426   971.188222   2651.758558   3788.830239
2.231821   300.780532   979.099463   2623.629873   3737.797688
2.238071   302.657827   987.880283   2552.995465   3878.796826
2.244321   305.936208   1001.474920   2545.487888   3980.866706
2.250571   304.690465   988.978682   2591.981397   3920.789779
2.256821   305.171512   985.367546   2644.448873   3939.591629
2.263071   307.741006   990.634377   2666.646639   3911.118603
2.269321   309.764258   993.348218   2651.265480   3873.095149
2.275571   311.427968   997.847491   2627.455884   3919.110904
2.281821   314.232876   1000.823059   2555.916036   3904.355003
2.288071   315.667275   1006.059544   2603.462065   3837.363719
2.294321   316.408260   1003.792572   2600.245253   3806.435147
2.300571   319.919682   1015.114401   2631.779647   3883.057517
2.306821   321.362799   1020.469012   2627.978925   3838.731578
2.313071   322.330427   1022.964159   2638.140012   3806.903724
2.319321   323.660037   1030.964775   2657.082324   3835.597463
2.325571   325.416025   1027.141726   2595.913534   3817.792390
2.331821   328.553751   1036.290990   2661.088458   3764.039646
2.338071   336.086579   1047.275020   2695.650344   3806.974058
2.344321   339.344187   1046.598464   2640.891199   3817.954262
2.350571   341.842384   1049.961611   2615.012717   3790.236704
2.356821   347.210104   1049.288444   2598.904076   3802.539676
2.363071   351.175496   1049.391179   2636.828049   3798.463437
2.369321   350.400380   1049.654726   2626.938473   3770.555070
2.375571   351.979469   1046.563348   2628.944146   3787.587911
2.381821   355.735049   1046.329791   2626.719013   3738.369483
2.388071   358.018093   1045.656086   2638.758664   3771.761307
2.394321   361.539573   1044.859162   2633.666445   3792.734071
2.400571   365.200845   1043.790265   2619.312787   3767.474672
2.406821   365.705402   1040.240438   2630.222497   3766.065334
2.413071   367.052689   1036.398713   2602.525420   3765.622609
2.419321   370.948466   1036.833718   2613.265417   3750.233652
2.425571   374.573375   1034.916236   2632.497109   3718.076581
2.431821   379.948198   1035.796448   2615.438082   3688.987231
2.438071   384.767525   1039.839921   2586.714076   3680.903852
2.444321   387.973404   1038.247368   2589.471872   3690.808272
2.450571   391.566270   1034.189164   2592.034721   3718.488130
2.456821   396.526449   1031.949461   2662.753915   3675.910702
2.463071   399.700282   1034.127648   2645.445440   3690.792326
2.469321   404.078683   1035.482827   2648.611429   3708.377004
2.475571   406.700345   1039.428355   2635.324681   3682.484379
2.481821   411.461724   1045.019958   2616.339609   3662.169884
2.488071   411.552210   1045.757070   2627.803173   3662.081321
2.494321   412.895277   1048.183794   2665.413425   3701.960769
2.500571   416.944559   1047.621314   2723.462422   3747.650899
2.506821   419.650271   1050.287319   2701.470104   3746.822738
2.513071   420.937091   1043.283109   2638.468257   3691.107642
2.519321   426.978076   1049.562296   2614.558312   3657.910825
2.525571   439.200127   1072.340642   2597.916622   3621.845030
2.531821   439.747588   1062.536468   2556.962546   3578.975329
2.538071   450.918136   1086.059118   2630.390616   3619.668488
2.544321   455.948464   1071.880389   2652.784083   3614.418947
2.550571   498.291601   1111.591630   2683.589305   3666.253264
2.556821   491.162188   1065.275930   2707.481457   3588.994996
2.563071   495.985002   1040.315024   2763.794902   3418.544075
2.569321   529.117151   1129.356651   3120.532577   3447.881975
2.575571   537.833451   1178.414093   3015.652517   3915.112448
2.581821   534.013996   1181.469216   2902.417159   3528.229944
2.588071   506.265604   1194.560082   3017.401309   3334.994791
2.594321   402.393374   1220.792413   2854.526621   3823.613712
2.600571   464.589164   1216.587560   2829.452914   3683.646829
2.606821   461.619218   1252.990471   2814.746537   3683.428816
2.613071   327.408639   1247.958438   2694.204559   3546.488877
2.619321   301.321994   1256.189296   2443.548216   3519.586699
2.625571   247.231980   1373.528566   2486.875014   3610.293072
2.631821   253.401575   1324.212551   2404.181057   3567.212494
2.638071   293.712898   1205.385450   2332.820801   3513.695200
2.644321   261.429281   1275.820113   2463.925998   3579.975360
2.650571   1498.868262   2120.713910   3450.117646   4770.383567
2.656821   995.394850   1586.262254   3042.574165   4194.661536
2.663071   912.504364   1504.492178   2810.823131   3769.383334
2.669321   840.103771   1754.138233   2808.501734   3288.454357
2.675571   776.078109   1593.209980   2473.699101   3483.138974
2.681821   833.960497   1482.323208   2458.136870   3509.880191
2.688071   929.217771   1458.096987   2386.357709   3566.948385
2.694321   948.321836   1601.155727   2606.865421   3552.378542
2.700571   963.786538   1627.828313   2755.838520   3599.196143
2.706821   882.646800   1547.221966   2657.669996   3669.771500
2.713071   883.570285   1567.604168   2696.947004   3747.957857
2.719321   790.544775   1596.437682   2719.420185   3769.543902
2.725571   780.003290   1548.693621   2693.278656   3827.258971
2.731821   855.053797   1615.234017   2681.684960   3694.321358
2.738071   973.183588   1645.187851   2685.504922   3767.725317
2.744321   1046.762789   1559.845965   2607.681816   3785.796612
2.750571   929.486382   1555.428660   2517.570257   3593.499371
2.756821   995.466272   1971.656202   2295.097878   3570.036780
2.763071   868.368941   1793.557584   2584.473597   3679.867545
2.769321   886.808988   1714.459030   2530.988508   3734.415158
2.775571   873.578772   1603.387699   2572.755539   3734.065048
2.781821   816.171302   1584.632383   2629.789150   3798.430264
2.788071   892.133932   1683.497762   2711.523497   3759.802455
2.794321   863.335442   1745.994952   2670.537750   3605.326807
2.800571   838.192110   1831.448117   2663.882270   3693.269257
2.806821   911.685348   1796.487152   2625.037487   3710.185385
2.813071   925.710111   1713.909364   2574.040380   3585.048352
2.819321   940.376070   1619.230010   2547.252275   3593.157697
2.825571   922.384741   1667.253223   2685.031986   3729.100283
2.831821   994.643904   1744.593396   2561.620297   3851.819769
2.838071   914.844684   1720.813370   2639.813331   3854.592465
2.844321   957.790707   1713.199311   2419.309878   3705.315151
2.850571   979.211965   1635.845189   2262.562754   3579.802548
2.856821   950.677371   1709.879150   2437.899701   3549.564757
2.863071   955.303198   1731.741094   2593.740219   3565.622926
2.869321   1032.634747   1543.975338   2518.166019   3570.460893
2.875571   1213.126559   2034.721705   3042.820402   4065.746460
2.881821   1055.761484   1449.175167   2418.920212   3643.536691
2.888071   854.438775   1654.157960   2649.153917   3565.665102
2.894321   734.566112   1621.268755   2737.915112   3586.847736
2.900571   784.191590   1578.726126   2535.164027   3454.158843
2.906821   849.288703   1510.738023   2481.441474   3583.419708
2.913071   1214.224405   1363.574424   2394.376272   3679.183568
2.919321   957.909770   2281.054884   2343.241764   3677.361769
2.925571   912.925873   1630.550747   2605.824786   3498.080353
2.931821   907.233377   1618.870853   2624.823371   3494.179937
2.938071   884.655491   1689.641931   2562.183452   3531.725055
2.944321   919.023936   1805.603498   2350.711719   3598.000534
2.950571   920.151469   2067.130098   2300.172454   3533.321573
2.956821   849.747111   1878.245229   2783.246806   3574.567969
2.963071   913.734971   1852.262657   2822.600564   3721.287657
2.969321   1046.625798   2240.046933   2458.187277   3413.938897
2.975571   1108.361709   2237.255379   3300.710128   4934.264778
2.981821   1139.749225   2176.492392   3438.933386   3970.833506
2.988071   744.600989   1257.988572   2695.243715   3548.228689
2.994321   1108.741469   1342.375558   2611.441211   3635.118913
3.000571   928.796384   1677.530963   2578.379331   3730.979928
3.006821   891.196263   1762.454983   2607.400953   3835.871078
3.013071   828.418606   1754.074264   2535.791601   3775.050519
3.019321   840.253091   1901.965926   2385.208462   3570.485382
3.025571   840.875467   1986.815876   2797.971075   3493.658138
3.031821   888.508666   1990.380182   3242.241029   3847.377477
3.038071   986.049469   1910.999593   2869.070388   3684.633658
3.044321   982.817638   1601.825937   2612.839782   3663.035496
3.050571   299.427991   1468.105222   2178.260591   3612.767462
3.056821   1254.016919   1992.228254   3502.431091   3778.083582
3.063071   2113.462393   3261.505428   3425.552618   3981.092301
3.069321   216.188552   2165.298889   3216.486001   3870.019015
3.075571   225.965374   2159.976502   3180.279387   3961.780650
3.081821   227.441448   2189.474971   3187.727117   3923.962860
3.088071   221.548971   2233.653755   3269.458712   4032.565521
3.094321   215.103550   2267.663520   3292.210576   4059.335872
3.100571   211.001271   2360.712208   3249.293406   3984.471745
3.106821   207.384672   2350.558799   3263.693439   3902.243108
3.113071   202.056671   2338.576290   3286.535677   3854.375039
3.119321   199.913178   2285.303966   3333.537363   4006.791347
3.125571   200.504229   2301.139552   3329.722591   3904.200120
3.131821   199.176662   2353.111232   3281.497310   3948.233196
3.138071   195.215917   2149.055900   3163.584678   3791.393110
3.144321   197.433230   2013.475768   3103.386473   3723.947823
3.150571   199.319573   2041.709529   3233.427714   3855.232511
3.156821   201.117983   2141.067873   3243.965769   3923.411783
3.163071   204.244433   2307.018241   3241.390357   3903.761175
3.169321   205.727755   2410.643295   3254.987475   3896.470411
3.175571   207.897934   2275.031713   3230.883281   3914.990283
3.181821   211.027307   2369.734230   3265.899126   3918.058019
3.188071   212.075644   2378.785625   3294.372049   3925.912212
3.194321   216.561768   2479.775792   3301.341357   3921.094160
3.200571   215.839232   2499.292513   3269.701429   3887.707240
3.206821   216.917769   2480.117949   3247.460940   3880.625262
3.213071   219.383233   2398.910495   3265.681882   3884.731201
3.219321   218.975544   2325.631123   3256.929883   3860.553864
3.225571   221.956828   2362.469887   3250.258234   3811.051826
3.231821   221.129575   2387.789733   3287.428419   3843.251839
3.238071   220.992616   2376.329461   3374.348452   3881.163132
3.244321   221.383435   2381.294836   3349.624049   3872.806973
3.250571   221.742465   2375.471895   3395.972886   3883.510902
3.256821   220.500838   2368.960657   3359.825335   3854.924451
3.263071   220.517169   2335.214613   3384.909170   3854.885833
3.269321   218.266715   2347.641916   3408.234552   3917.411568
3.275571   217.445065   2372.664601   3327.246948   3898.373333
3.281821   220.232696   2360.485997   3299.476637   3878.449637
3.288071   218.589622   2361.803736   3307.848516   3877.165761
3.294321   215.369902   2390.142867   3343.926412   3997.859478
3.300571   215.557048   2414.679870   3314.371849   4047.457250
3.306821   216.085713   2448.015343   3298.141800   3860.315385
3.313071   213.007043   2537.347419   3269.759873   3796.787093
3.319321   214.185410   2554.806538   3270.940606   3841.795060
3.325571   217.528544   2470.267287   3237.031574   3869.778825
3.331821   216.203129   2614.618493   3619.772999   3638.580170
3.338071   213.889795   2676.436599   3214.270971   3667.224027
3.344321   216.112816   2591.137528   3096.450540   3817.127968
3.350571   217.384109   2416.613312   3161.490856   3845.444166
3.356821   214.362707   2309.536613   3149.933172   3790.978402
3.363071   213.271593   2164.371319   3130.244315   3794.616222
3.369321   213.835435   2039.290829   3171.475574   3800.849142
3.375571   213.066965   2162.505568   3268.407373   3773.443521
3.381821   210.697721   2315.609063   3310.436919   3852.452062
3.388071   207.836256   2395.952199   3323.985096   3843.772800
3.394321   207.732037   2398.287925   3378.248615   3956.612524
3.400571   204.844002   2361.812528   3295.362755   3789.926429
3.406821   201.862495   2342.817065   3244.488438   3731.963556
3.413071   200.980855   2133.162512   3224.949058   3636.233608
3.419321   201.197190   2328.518752   3437.031904   3696.981961
3.425571   200.083221   2309.971773   3134.720318   3832.348841
3.431821   201.201247   2324.629200   3197.797904   3832.075095
3.438071   200.837604   2363.479271   3226.594622   3848.520766
3.444321   199.763723   2254.981729   3200.567029   3823.772131
3.450571   198.164830   1922.587781   2997.630895   3659.005661
3.456821   199.418457   2107.584431   3129.107683   3532.342726
3.463071   199.653022   1873.466180   3029.008152   3449.923684
3.469321   197.632795   1727.664088   2936.436057   3514.189789
3.475571   199.471978   2346.985255   3135.330316   3656.349979
3.481821   200.866964   2219.710426   3177.455359   3742.595658
3.488071   199.141962   2275.222979   3231.054923   3791.142661
3.494321   198.227898   2263.693670   3290.873014   3817.278110
3.500571   199.873140   2243.323510   3371.221001   3894.801921
3.506821   200.613225   2226.964946   3311.645466   3768.427043
3.513071   200.226815   2237.974854   3376.923993   3658.839599
3.519321   201.602354   2272.064257   3299.194950   3718.684734
3.525571   200.801681   2305.646499   3173.850382   3814.555036
3.531821   197.443996   2177.735463   3127.833839   3831.658077
3.538071   197.429840   2192.241148   3138.315648   3740.036892
3.544321   197.130147   2246.217297   3335.065687   3772.362714
3.550571   195.356139   2188.008544   3321.216320   4044.112831
3.556821   189.482110   1972.141751   3113.254599   3895.740610
3.563071   179.378334   1655.737001   3103.229243   3704.393470
3.569321   179.868642   1587.386596   3076.814827   3625.748777
3.575571   189.453602   1753.443021   3080.596714   3593.356602
3.581821   204.930696   1855.374877   2811.578037   3285.227978
3.588071   195.765019   1671.036969   2655.410785   3519.672546
3.594321   199.327584   1630.846487   2595.129120   3640.506314
3.600571   188.484010   1813.246576   2810.909057   3381.873512
3.606821   187.362823   1643.564439   2892.768372   3545.036650
3.613071   174.733033   1417.933507   2923.300129   3683.331701
3.619321   180.848259   1401.702904   2571.956159   3828.764946
3.625571   192.663204   1370.986399   2508.979912   3675.848966
3.631821   135.571268   1323.711028   2743.371416   3688.139013
3.638071   1312.662432   2664.047121   3714.603335   4673.497859
3.644321   1287.698854   2428.917490   3173.200230   3976.766652
3.650571   1284.967473   2156.866100   2591.696348   3873.965055
3.656821   629.558319   1417.030203   2603.527655   3714.461244
3.663071   810.914504   1495.279272   2708.124523   3685.202306
3.669321   938.723538   1779.089609   2586.449592   3617.814377
3.675571   872.078662   1736.543882   2518.772089   3583.498124
3.681821   863.025002   1715.263465   2633.384137   3589.996447
3.688071   868.874555   1698.209061   2646.000330   3664.042382
3.694321   822.473012   1588.617504   2682.374353   3755.162595
3.700571   804.375752   1623.097584   2549.201889   3692.888741
3.706821   887.132750   1576.439887   2569.284984   3644.260407
3.713071   898.874901   1634.818551   2829.477690   3477.895677
3.719321   896.828232   1597.320274   2713.891768   3522.354080
3.725571   911.434207   1629.892839   2774.180426   3625.359067
3.731821   881.632401   1718.658113   2759.134625   3669.588510
3.738071   836.826621   1684.889065   2726.904216   3622.163175
3.744321   846.810860   1625.782912   2644.912203   3552.056332
3.750571   854.833905   1651.327583   2694.809696   3526.005560
3.756821   887.118232   1525.464331   2634.247821   3681.671209
3.763071   864.669847   1566.001782   2350.101574   3703.583730
3.769321   823.248106   1692.587238   2433.555047   3688.870678
3.775571   798.739113   1686.237747   2674.357593   3749.660221
3.781821   880.323450   1694.885362   2795.787342   3687.986302
3.788071   887.584437   1712.014703   2756.952145   3579.499426
3.794321   856.710309   1751.077706   2659.943590   3652.670358
3.800571   844.093456   1593.821734   2798.768705   3532.426044
3.806821   813.247577   1503.725384   2802.960117   3757.753469
3.813071   916.184479   1602.053054   2721.917375   3698.758997
3.819321   884.796668   1781.816232   2787.002552   3678.368111
3.825571   959.816238   1744.117635   2741.188376   3667.098571
3.831821   906.674384   1708.338492   2672.633855   3604.691078
3.838071   857.746166   1629.681397   2620.076658   3588.006130
3.844321   899.028043   1647.334331   2703.249430   3667.952388
3.850571   993.831401   1766.128395   2812.398215   3411.166687
3.856821   950.279078   1896.886220   2627.844390   3446.247874
3.863071   850.149834   1769.904335   2733.439370   3674.853156
3.869321   1012.980023   1846.016806   3169.238940   3355.733588
3.875571   1075.152510   2087.445608   3367.019855   3438.452844
3.881821   1100.613245   1900.290212   2489.952053   3388.328022
3.888071   1073.779021   2058.906584   3375.428990   4774.772412
3.894321   982.552948   1830.448628   3049.297500   3417.803460
3.900571   955.101438   1689.750095   2444.334626   3484.369806
3.906821   866.484548   1614.203809   2398.433455   3548.445007
3.913071   805.729757   1668.236514   2576.899727   3585.336036
3.919321   833.153640   1657.341961   2739.996728   3644.911145
3.925571   878.094194   1710.202134   2753.281532   3658.562979
3.931821   929.674013   1695.567024   2751.320346   3760.052047
3.938071   867.429513   1624.433671   2832.861850   3811.749064
3.944321   888.743138   1745.233759   3244.098558   3700.684759
3.950571   932.378053   1729.254364   2725.805067   3808.167864
3.956821   899.751643   1584.351420   2538.988864   3721.707618
3.963071   894.548463   1632.653405   2549.238789   3657.436565
3.969321   993.836380   1506.798288   2320.604988   3605.201798
3.975571   845.987227   1398.057175   2356.330300   3636.930597
3.981821   1001.204428   1546.122798   2500.158555   3536.474726
3.988071   994.549463   1388.034808   2577.451076   3533.041677
3.994321   913.443551   1423.421699   2502.577280   3528.351603
4.000571   976.327779   1302.477243   2509.718950   3552.338741
4.006821   998.669871   1503.178635   2554.551743   3649.067847
4.013071   1130.685366   1411.510834   2330.043891   3500.190671
4.019321   856.469994   1421.640075   2444.739979   3494.509421
4.025571   1453.096193   2550.725843   3733.046383   4774.856004
4.031821   262.868719   1606.796356   2555.107180   3567.820366
4.038071   279.769340   1642.579832   2916.533715   3975.283640
4.044321   380.047741   1730.897427   2764.813734   3966.506438
4.050571   359.038595   2355.594629   3790.988142   --undefined--
4.056821   450.834319   2280.124709   3723.986782   4498.726322
4.063071   126.187207   507.095798   2262.274641   3717.035050
4.069321   226.380521   552.145810   2308.555781   3680.675501
4.075571   274.691501   559.440444   2319.671361   3700.004128
4.081821   349.463035   571.334459   2256.548461   3662.713782
4.088071   372.300315   543.250218   2153.231954   3643.471944
4.094321   340.844794   590.466537   2234.665052   3696.807094
4.100571   328.608334   545.567544   2283.464150   3659.980453
4.106821   343.674521   614.514863   2455.010986   3663.428186
4.113071   339.227450   674.581571   2251.954476   3671.900892
4.119321   328.958575   697.954426   2338.904634   3724.528088
4.125571   348.590329   684.703805   2420.862921   3652.011199
4.131821   357.444407   695.887807   2394.717947   3626.876268
4.138071   341.301920   729.799402   2298.996923   3601.546988
4.144321   344.331691   703.718787   2330.624112   3532.503127
4.150571   328.664848   728.758822   2371.933803   3601.906627
4.156821   337.843228   742.096671   2366.403266   3735.657637
4.163071   371.615183   704.925774   2460.362573   3821.241879
4.169321   340.201415   766.589438   2358.755183   3767.550101
4.175571   322.430716   773.357942   2284.144106   3808.664977
4.181821   322.211881   761.200914   2278.148696   3730.773815
4.188071   317.877301   750.267285   2410.354676   3934.181551
4.194321   323.550419   767.886578   2431.635534   3832.061076
4.200571   321.399956   775.182759   2295.471416   3745.758110
4.206821   317.603082   783.077441   2279.405957   3778.470209
4.213071   346.010359   751.896243   2354.920243   3854.946031
4.219321   320.482928   750.871421   2373.157117   3752.073183
4.225571   346.546464   714.276179   2523.465231   3679.383332
4.231821   338.798767   720.657109   2300.151261   3700.263311
4.238071   328.981227   750.142352   2345.386002   3713.563365
4.244321   326.575404   774.411816   2433.229133   3728.906464
4.250571   311.414250   732.755975   2389.150127   3739.318140
4.256821   322.443193   774.649929   2476.059993   3737.901240
4.263071   336.611973   814.422114   2453.222674   3736.884550
4.269321   332.026645   836.928632   2365.396650   3759.411346
4.275571   331.534314   799.417312   2355.241657   3712.536321
4.281821   340.466679   760.184378   2338.120217   3683.099021
4.288071   341.261737   737.750040   2361.452221   3710.055336
4.294321   343.306275   743.296505   2433.155276   3743.208469
4.300571   346.469615   734.316035   2310.629032   3738.624809
4.306821   338.962808   756.952962   2344.792281   3759.814649
4.313071   319.625248   785.626703   2404.993618   3736.508851
4.319321   319.645421   801.260857   2398.775719   3762.814510
4.325571   319.477980   818.271061   2397.664549   3731.602903
4.331821   315.667726   796.788571   2518.394894   3725.841614
4.338071   315.784812   814.325556   2547.687952   3727.154477
4.344321   321.295753   813.925808   2532.916141   3752.233032
4.350571   324.356287   805.465368   2437.007607   3727.591594
4.356821   327.278754   818.716827   2387.326469   3718.157746
4.363071   334.303833   858.156378   2340.006207   3727.047485
4.369321   340.586401   821.900563   2323.432377   3728.683685
4.375571   324.802429   802.133852   2259.434764   3706.801686
4.381821   323.158978   819.008691   2223.822349   3701.926607
4.388071   325.713213   810.461618   2255.544624   3717.904072
4.394321   318.952405   794.511122   2371.388830   3717.761898
4.400571   319.065277   801.084053   2388.759382   3732.397857
4.406821   324.016006   797.835635   2328.145326   3723.154714
4.413071   331.385022   789.155897   2212.675363   3719.071627
4.419321   323.631422   804.010930   2411.684818   3716.426881
4.425571   331.323813   815.139352   2458.869277   3722.654118
4.431821   321.621682   787.450686   2406.175611   3688.788954
4.438071   325.877288   782.436903   2333.901965   3701.768508
4.444321   324.466448   815.250190   2216.985687   3689.546478
4.450571   326.142534   833.104647   2342.864036   3684.600740
4.456821   329.291472   818.327633   2401.420716   3656.349985
4.463071   339.950332   785.846043   2327.949357   3668.887344
4.469321   358.789889   728.423812   2328.647830   3686.774823
4.475571   294.584012   540.148369   2472.611703   3726.343855
4.481821   329.062755   697.467169   2514.102188   3726.813271
4.488071   336.734801   718.117637   2456.861639   3731.495800
4.494321   188.752929   465.130774   2480.905838   3750.932603
4.500571   311.373991   363.769769   2459.880429   3646.332278
4.506821   364.153187   1025.652880   2456.322897   3717.855223
4.513071   425.540759   1415.213500   2368.354287   3672.352019
4.519321   570.810386   1521.154048   2413.605122   3580.181163
4.525571   694.810286   1541.060523   2448.181852   3591.332453
4.531821   763.247747   1611.307484   2426.784055   3729.351825
4.538071   791.988985   1727.750874   2521.269012   3634.956876
4.544321   731.629405   1677.704153   2680.854648   3572.600821
4.550571   839.435554   1483.324883   2646.626913   3792.530626
4.556821   1051.016265   1362.359582   2979.634523   3955.096796
4.563071   727.505821   1487.998680   2965.345528   3756.475396
4.569321   603.292415   1368.418105   2608.451707   3787.376611
4.575571   779.046972   1532.098491   2560.160264   3763.338216
4.581821   818.450024   1520.525330   2531.396600   3667.799402
4.588071   911.560878   1497.663333   2534.360254   3698.624882
4.594321   884.243546   1590.675622   2576.836376   3527.499996
4.600571   881.923731   1618.003781   2605.920381   3511.068336
4.606821   725.862789   1448.131810   2442.905958   3484.220179
4.613071   460.067882   1429.940345   2437.967159   3600.037782
4.619321   419.162609   1398.957634   2527.871212   3606.716680
4.625571   1143.908659   2041.201972   3125.790593   4681.688692
4.631821   1268.386620   2177.409166   3150.229015   4624.786467
4.638071   1376.471838   2867.482197   3295.551507   4747.650321
4.644321   1448.376976   2968.596855   3489.406990   4754.281989
4.650571   821.248941   1472.750979   2750.615730   3746.003746
4.656821   848.261987   1683.005272   2910.297225   3905.704872
4.663071   868.615718   1646.650607   3012.925063   3887.669186
4.669321   863.858438   1657.994097   2764.923991   3706.187679
4.675571   821.441492   1673.962298   2641.409378   3583.286954
4.681821   824.097522   1757.096033   2651.389311   3620.819495
4.688071   858.711405   1884.597422   2705.482607   3597.583074
4.694321   870.121323   1905.385190   2938.879917   4057.186623
4.700571   807.548650   1826.718627   2784.867020   3977.188534
4.706821   808.456382   1777.663410   2796.433527   3678.077242
4.713071   848.873737   1642.270659   2589.201059   3748.739132
4.719321   918.673352   1674.757478   2624.842596   3724.291992
4.725571   905.437750   1718.837140   2828.881531   3819.510897
4.731821   915.859283   1784.183034   2837.185618   3734.738456
4.738071   896.328945   1775.367464   2745.957037   3709.017278
4.744321   902.994901   1746.179553   2684.157909   3682.214257
4.750571   925.962907   1733.082019   2482.897685   3659.110385
4.756821   960.616695   1755.886897   2457.057535   3698.944439
4.763071   934.214088   1720.509619   2610.096633   3693.119388
4.769321   839.121172   1588.052384   2728.905076   3680.830713
4.775571   841.719635   1522.081705   2733.613687   3635.651872
4.781821   902.259314   1418.816211   2814.455559   3626.691294
4.788071   908.913101   1516.972772   2757.741161   3813.388696
4.794321   865.287153   1579.512632   2478.192289   3683.363181
4.800571   800.043868   1648.675083   2497.994939   3656.151487
4.806821   843.517237   1730.091052   2552.433535   3759.431318
4.813071   967.460997   1546.646291   2519.839519   3718.057167
4.819321   893.913913   1523.416097   2712.725507   3645.913566
4.825571   863.187116   1594.600961   2766.030882   3699.877396
4.831821   934.954242   1613.794258   2737.619753   3687.233923
4.838071   1011.023207   1258.203906   2527.937024   3711.519855
4.844321   899.606146   1594.748709   2522.390169   3529.710473
4.850571   812.823870   1764.118009   2634.167551   3481.035432
4.856821   886.321905   1765.588728   2554.830985   3725.243079
4.863071   949.670613   1819.244396   2549.071957   3804.124476
4.869321   1022.101694   2107.237378   2747.857869   3699.001990
4.875571   995.955949   1821.890925   2460.734009   3712.244613
4.881821   919.577383   1768.104123   2551.045778   3672.738009
4.888071   909.421301   1784.071155   2564.192551   3561.897302
4.894321   922.864845   1737.131495   2585.630676   3671.717897
4.900571   896.065952   1607.927515   2644.674916   3730.710453
4.906821   885.521069   1594.323347   2814.468819   3761.335476
4.913071   938.306908   1637.111017   2778.402965   3837.593953
4.919321   945.308272   1671.273680   2823.972290   3870.421643
4.925571   918.802861   1677.250312   2807.242157   3865.543136
4.931821   875.747437   1586.879760   2642.383510   3676.220209
4.938071   848.297141   1432.236158   2522.612668   3590.360202
4.944321   1436.311730   2558.605822   3672.608411   --undefined--
4.950571   222.944645   1695.160897   2541.657657   3688.874923
4.956821   216.530020   2038.951453   2763.782663   3614.317735
4.963071   218.067855   2060.375923   2602.856923   3161.023226
4.969321   232.101833   2050.712811   2973.609986   3119.734761
4.975571   235.951163   2046.410891   2772.962841   3128.665645
4.981821   242.797599   2058.857380   2496.424117   3169.368597
4.988071   245.503162   2056.694381   2317.696122   3214.087890
4.994321   242.944469   2058.099001   2278.051727   3244.422805
5.000571   240.905920   2061.329543   2246.867209   3283.375839
5.006821   235.311162   2064.025795   2192.605127   3250.255892
5.013071   232.202903   2066.850844   2159.058770   3217.150172
5.019321   229.434641   2013.822616   2075.060764   3263.140075
5.025571   227.822058   2064.187594   2067.766901   3301.320917
5.031821   227.876912   2068.555476   2123.355805   3281.504129
5.038071   229.758260   2024.861581   2075.415581   3238.149734
5.044321   228.200924   2025.839353   2070.514678   3230.588084
5.050571   228.183339   2056.978870   2099.178388   3219.555143
5.056821   227.807724   2052.478961   2123.498811   3251.246128
5.063071   227.835080   2045.971979   2163.052410   3323.365321
5.069321   228.359019   2041.088485   2128.803441   3328.929590
5.075571   230.117380   2041.514968   2156.670004   3366.573506
5.081821   231.125727   2044.219179   2239.071166   3338.843252
5.088071   234.535871   2051.518903   2378.596620   3341.300475
5.094321   235.301878   2062.164342   2403.930474   3456.231282
5.100571   234.358922   2064.045797   2323.430637   3313.003663
5.106821   235.342606   2056.501053   2173.558051   3256.943137
5.113071   238.324173   2045.628096   2163.709925   3318.155382
5.119321   240.178799   2042.010267   2232.362289   3297.133490
5.125571   242.337865   2048.703994   2194.537045   3252.527980
5.131821   239.951959   2040.380622   2417.085421   3429.478710
5.138071   239.564456   2040.063533   2245.915364   3294.176211
5.144321   241.501980   2044.874533   2370.372119   3466.098283
5.150571   239.931708   2051.739534   2175.770309   3254.306865
5.156821   237.391055   2038.636484   2111.950306   3283.049299
5.163071   236.073259   2020.632047   2177.924020   3315.253927
5.169321   234.066954   2012.355427   2158.600562   3335.776357
5.175571   234.091837   2008.033887   2166.641389   3339.245157
5.181821   235.908042   2010.206654   2197.276535   3338.940744
5.188071   236.058425   2007.030244   2235.810356   3366.664060
5.194321   237.616037   1985.406843   2319.996146   3370.045503
5.200571   239.249616   1994.519622   2257.651296   3331.516887
5.206821   238.393064   1988.990695   2339.782203   3359.232643
5.213071   236.723164   1991.481859   2343.619791   3379.137217
5.219321   240.973422   2007.319517   2303.298062   3384.913542
5.225571   244.156502   2009.154541   2322.341579   3342.100900
5.231821   243.404092   1978.873505   2304.564807   3394.948452
5.238071   244.622961   1962.356957   2290.803526   3354.193327
5.244321   243.951387   2026.626814   2352.212910   3367.553330
5.250571   246.931038   2010.293797   2418.592844   3380.050398
5.256821   250.595732   2002.239421   2327.162812   3348.983961
5.263071   247.772086   2006.179020   2150.757279   3258.679503
5.269321   247.843530   1996.921160   2171.387090   3246.403536
5.275571   248.155363   1972.914266   2304.308076   3265.029864
5.281821   247.768162   1961.612883   2275.249063   3256.924270
5.288071   247.914564   2013.618712   2129.542392   3240.977907
5.294321   249.890567   1987.521698   2282.027443   3282.437315
5.300571   253.097946   1929.001043   2385.829127   3292.487767
5.306821   248.186986   1919.582871   2416.009224   3339.969438
5.313071   252.078263   1948.030109   2382.785792   3298.828786
5.319321   253.724685   1957.915644   2414.724951   3344.880708
5.325571   257.561493   1963.940446   2331.104869   3363.045659
5.331821   265.040702   1966.546532   2442.451719   3309.642751
5.338071   267.459203   1981.274550   2508.059430   3288.703445
5.344321   261.568225   1997.477985   2434.963978   3363.840355
5.350571   267.848421   2044.458407   2363.025618   3336.442275
5.356821   278.409289   2016.489528   2368.717360   3326.784972
5.363071   266.458058   2031.461410   2790.224626   3712.463771
5.369321   212.453311   1909.860856   2859.677296   3998.345975
5.375571   100.215640   1828.457733   2984.698782   4003.810997
5.381821   580.439289   1878.744739   2983.455161   4003.911197
5.388071   627.532526   1790.981470   2680.391044   3866.160917
5.394321   715.588724   1553.319034   2559.170452   3690.212587
5.400571   596.116585   1429.675613   2584.286546   3669.126832
5.406821   764.239774   1383.861898   2639.146731   3756.669378
5.413071   874.727109   1563.669062   2791.785451   3820.087798
5.419321   859.115914   1506.913151   2796.218023   3645.207775
5.425571   830.593303   1519.845996   2797.096111   3738.840215
5.431821   884.493911   1616.032055   2776.165109   3858.766952
5.438071   838.020233   1702.422160   2879.541061   3741.591076
5.444321   853.930384   1671.070993   2751.612621   3734.980209
5.450571   858.178682   1557.081807   2753.724657   3742.232844
5.456821   810.707907   1584.550204   2732.855947   3793.700970
5.463071   814.429353   1626.370806   2724.785101   3672.714622
5.469321   858.648121   1571.276177   2664.916673   3720.654440
5.475571   862.246739   1624.644291   2609.107619   3743.650225
5.481821   766.179762   1675.962781   2517.385196   3704.300929
5.488071   778.313271   1701.236808   2583.756026   3695.392943
5.494321   812.713739   1748.033576   2848.466574   3760.207980
5.500571   937.669516   1733.253371   2628.713569   3597.818336
5.506821   821.871391   1782.359297   2633.646498   3582.795894
5.513071   850.133705   1758.816717   2531.339795   3623.912546
5.519321   912.241397   1712.419057   2592.927250   3704.768088
5.525571   915.756330   1720.296720   2741.263568   4012.614124
5.531821   913.174641   1738.367664   2652.363070   3862.833415
5.538071   977.983037   1442.562296   2524.131939   3746.583302
5.544321   927.621487   1469.746006   2570.234454   3730.990937
5.550571   741.338814   1372.059723   2636.160200   3234.993002
5.556821   1199.898564   1692.819973   2891.270566   4432.030472
5.563071   956.629667   1966.180336   2981.863833   4106.853342
5.569321   1010.976264   1976.999163   3220.680195   3727.694112
5.575571   941.687001   1781.129429   2953.882273   3423.995891
5.581821   909.240998   1651.289422   2703.451717   3557.144372
5.588071   871.592124   1769.805480   2666.127496   3576.159073
5.594321   900.064670   1607.119002   2603.856297   3777.545150
5.600571   879.688839   1491.165855   2622.840658   3762.615398
5.606821   881.461752   1422.585015   2558.870311   3733.887943
5.613071   862.172563   1391.646039   2535.213686   3572.077468
5.619321   684.206962   1421.870214   2527.337410   3501.159083
5.625571   800.412072   1408.475445   2606.136850   3527.163488
5.631821   1221.181894   1375.802815   2485.186348   3670.722593
5.638071   1176.725479   1371.575006   2528.561929   3537.133307
