Time_s   F1_Hz   F2_Hz   F3_Hz   F4_Hz
0.026858   954.830699   2551.594481   2932.619312   4268.140565
0.033108   921.908631   2357.617916   3367.682995   4260.178546
0.039358   260.677155   1031.725441   2884.574084   4290.091819
0.045608   297.109629   1001.281899   2759.787164   4189.841796
0.051858   349.420523   957.002855   2671.234533   3991.103180
0.058108   367.784147   911.313088   2841.149872   3785.443711
0.064358   373.325904   968.590074   2875.866857   3803.449988
0.070608   362.088017   996.530987   2757.224624   3932.023433
0.076858   358.934402   996.246072   2677.510156   3874.327502
0.083108   356.263194   983.900434   2920.531277   3761.027223
0.089358   348.742217   1004.183675   3201.605064   3352.713452
0.095608   343.536974   977.627738   2945.584411   3638.068718
0.101858   339.736844   942.777670   2995.944385   3604.866935
0.108108   341.880462   956.781658   2982.674624   3657.605710
0.114358   338.409930   957.070311   2812.024868   3630.793507
0.120608   333.084965   941.811174   3013.550671   3329.409940
0.126858   330.892953   926.745235   2951.125121   3532.075060
0.133108   331.227961   927.557011   2866.459541   3863.586783
0.139358   332.603092   930.570722   2935.852779   4285.418096
0.145608   335.844153   924.618012   2931.798726   4245.602044
0.151858   335.921777   908.031743   2882.907344   4223.073723
0.158108   333.087539   932.786382   2825.487638   3816.025215
0.164358   329.974873   954.981844   2872.179775   3998.389808
0.170608   324.691023   955.532866   2897.644104   4144.674586
0.176858   324.110501   952.207153   2863.888752   4150.536857
0.183108   322.821061   923.540044   2846.330290   4148.919648
0.189358   320.348695   908.727835   2775.610765   4179.550204
0.195608   318.998050   915.338201   2804.011876   4195.526130
0.201858   320.785927   932.404869   2867.486505   4108.529289
0.208108   316.427830   942.264214   2819.297493   4165.172151
0.214358   314.524683   937.395436   2752.512977   4137.924626
0.220608   315.241289   933.387913   2798.805759   3952.670247
0.226858   317.920585   937.141812   2801.313736   3835.155334
0.233108   315.396888   933.632798   2794.661388   3962.613269
0.239358   319.071770   929.897912   2780.833405   3793.394300
0.245608   322.039201   935.514764   2794.353375   4152.137033
0.251858   324.907102   940.284635   2779.380690   4013.825394
0.258108   329.981492   961.386903   2808.029304   4154.564930
0.264358   336.863507   965.196836   2816.852804   4031.015418
0.270608   340.443020   968.331068   2820.174065   4088.092515
0.276858   342.472832   972.616043   2822.505752   4110.839798
0.283108   343.307345   962.758933   2819.172871   4178.930668
0.289358   344.942102   979.225036   2815.441687   4040.774748
0.295608   345.684713   993.725044   2859.676933   3594.278257
0.301858   341.543196   962.885630   2705.064739   3581.758555
0.308108   339.366160   956.621301   2673.692668   3674.210511
0.314358   341.114693   973.948379   2766.852454   3815.795236
0.320608   341.382803   984.244284   2834.776977   4086.250366
0.326858   337.087319   957.477529   2834.811868   4085.511868
0.333108   333.602316   957.696843   2751.129909   3831.464816
0.339358   333.829190   956.982193   2685.559773   3680.761955
0.345608   332.711743   981.401578   2718.834641   3693.646430
0.351858   331.330139   973.543246   2760.370061   3751.129385
0.358108   332.437355   973.080830   2815.333545   3835.295093
0.364358   328.012224   965.269187   2730.363247   3687.960434
0.370608   329.757376   971.615338   2695.328339   3762.172170
0.376858   329.895495   958.094116   2691.394369   3677.675408
0.383108   330.944139   966.282973   2705.283133   3709.844641
0.389358   331.225083   957.286213   2731.255756   3744.266324
0.395608   329.740906   951.369716   2679.189040   3668.907975
0.401858   328.971855   944.578963   2741.512285   3691.411109
0.408108   326.567892   944.747823   2767.917837   3808.703319
0.414358   328.352232   965.539726   2681.474576   3685.701293
0.420608   327.910150   959.677464   2635.613876   3706.718891
0.426858   325.107579   953.733806   2577.032300   3744.357216
0.433108   327.646263   949.456807   2650.920030   3770.348430
0.439358   327.375590   952.668894   2742.965143   3880.687221
0.445608   327.700719   953.258183   2711.808115   3728.178145
0.451858   327.787009   958.299404   2661.483535   3804.047628
0.458108   334.153022   960.239468   2686.910124   3925.449194
0.464358   334.626291   948.228403   2730.541131   3969.314591
0.470608   334.515510   953.702601   2775.575876   3975.890660
0.476858   339.940440   974.340757   2742.568361   3810.571185
0.483108   339.446388   978.268180   2697.188714   3698.901157
0.489358   338.258378   963.979220   2695.955870   3766.024539
0.495608   340.947173   978.473498   2703.129435   3818.498671
0.501858   344.155235   984.872374   2781.678704   3936.734654
0.508108   348.588940   1001.394920   2807.632985   4069.175670
0.514358   348.908707   1006.221030   2753.524775   3939.951221
0.520608   351.449275   1006.896852   2778.647783   3909.385614
0.526858   352.283442   999.321808   2818.101227   3876.709024
0.533108   353.806515   1007.216807   2855.104056   3926.267150
0.539358   352.437727   1007.969452   2802.898291   3908.516005
0.545608   350.393996   1000.943417   2764.143590   3889.669065
0.551858   350.515073   1004.960302   2757.868899   3915.319566
0.558108   351.368183   1010.118152   2762.352319   3958.646826
0.564358   351.631946   1003.788844   2757.880784   3834.073115
0.570608   353.314059   998.904105   2726.247768   3799.001054
0.576858   357.517656   990.733515   2672.737547   3786.352471
0.583108   360.869076   1004.833602   2735.137197   3938.534623
0.589358   365.611462   1002.622350   2796.623452   3988.228258
0.595608   362.250037   995.905101   2760.509220   3765.771632
0.601858   361.272773   1000.609295   2752.561585   3861.992166
0.608108   363.041508   1013.231752   2826.521557   3897.527113
0.614358   362.011116   1004.067922   2782.636412   3840.237534
0.620608   361.518250   980.270053   2688.997317   3683.444894
0.626858   365.481366   978.185843   2728.223568   3795.192289
0.633108   368.097145   989.067324   2765.768784   3887.040717
0.639358   368.484735   982.308546   2769.810894   3823.993872
0.645608   373.018630   996.313431   2754.342344   3877.437752
0.651858   367.315234   996.667295   2777.825566   4189.740069
0.658108   365.998318   993.031716   2790.354630   3953.803242
0.664358   368.259744   978.594620   2752.086413   3811.792810
0.670608   371.935343   993.621965   2754.641344   3881.217533
0.676858   375.154199   1000.594217   2793.474808   3989.542388
0.683108   376.028675   1014.291004   2788.203280   3936.218728
0.689358   381.444160   1012.057780   2843.170562   3992.946968
0.695608   384.621400   1018.116585   2857.036193   3933.356643
0.701858   379.166757   1024.508847   2830.395595   3815.154374
0.708108   378.623140   1019.971155   2674.077122   3755.825796
0.714358   382.906380   1013.540996   2781.418614   3806.610695
0.720608   390.897970   1020.711344   2820.286665   3812.326415
0.726858   391.330430   1011.243092   2761.720978   3955.818217
0.733108   390.527980   1026.230823   2750.198352   3953.652225
0.739358   389.313243   1018.641173   2759.136586   3914.231120
0.745608   380.881694   991.693086   2745.303734   3825.415330
0.751858   390.619730   1027.595126   2773.269141   4003.100071
0.758108   396.259953   1054.200457   2777.931036   3835.822639
0.764358   398.165666   1050.688298   2768.672237   3781.766818
0.770608   392.834081   1056.384363   2824.494604   3802.891941
0.776858   397.885043   1070.132930   2859.778946   3865.580380
0.783108   403.844538   1078.616204   2868.694039   3874.362557
0.789358   401.779606   1077.987897   2812.692354   3923.569017
0.795608   407.652684   1085.578686   2854.249125   3959.222844
0.801858   400.999459   1068.442439   2882.730208   3979.219605
0.808108   408.990778   1072.449893   2862.003906   4040.824609
0.814358   433.050731   1098.358894   2844.417453   4040.941650
0.820608   431.531265   1106.033609   2879.530424   3895.809031
0.826858   440.484912   1116.812852   2881.600577   3859.483957
0.833108   449.130583   1121.515486   2838.571847   3905.698396
0.839358   453.919060   1135.503109   2831.236145   3901.567726
0.845608   479.778335   1151.863534   2838.803608   3857.824390
0.851858   483.823050   1156.979053   2833.614760   4053.918406
0.858108   505.588244   1169.721561   2809.303807   3998.734216
0.864358   526.605384   1177.440977   2799.759112   3956.995115
0.870608   529.835021   1176.496684   2824.470353   3957.301280
0.876858   532.845262   1166.911615   2834.767696   3846.145818
0.883108   551.576256   1162.402463   2815.405869   3855.427866
0.889358   638.873145   1176.738824   2810.778673   3918.472162
0.895608   791.208052   1217.825666   2831.544601   3910.418488
0.901858   798.467250   1388.918177   2883.783699   3868.616936
0.908108   789.748229   1472.869754   2953.503643   3907.646315
0.914358   777.548525   1482.627380   2942.734013   3995.652401
0.920608   762.338205   1443.567451   2856.177674   4007.586508
0.926858   760.072687   1381.651016   2879.647199   3951.718751
0.933108   744.201293   1363.584786   3004.778218   4248.445890
0.939358   748.963064   1339.740087   2957.316920   4611.846756
0.945608   743.275285   1314.413048   2876.379394   4221.291705
0.951858   736.258098   1331.478590   2891.972315   4010.648145
0.958108   764.828962   1346.927679   2956.146444   4056.003466
0.964358   767.557429   1350.524881   2978.684890   4088.675324
0.970608   720.476391   1336.653788   2968.978062   4201.839627
0.976858   678.379519   1305.236806   2957.229529   4163.243035
0.983108   508.809530   1340.436035   2956.345272   4095.392841
0.989358   652.554563   1364.077982   2932.900491   4126.997879
0.995608   628.775357   1346.885538   2881.480112   4120.889511
1.001858   672.054622   1396.286314   2872.233320   4005.996197
1.008108   683.843312   1449.160356   2983.326486   4022.812325
1.014358   527.904431   1459.981137   3003.625661   4047.331686
1.020608   546.225217   1452.527465   3084.264366   4109.507749
1.026858   527.337845   1429.542878   3313.935974   3940.313731
1.033108   889.883708   1397.253876   3252.886631   4157.933997
1.039358   1043.964860   1570.096811   3196.626805   4149.004902
1.045608   1089.331495   1688.568844   3211.114210   4111.829200
1.051858   1124.210939   1326.067142   3311.918039   4073.619679
1.058108   1208.650729   1608.820447   3348.148033   4163.888384
1.064358   1106.124082   1564.874908   3263.226482   4090.661783
1.070608   986.703383   1582.932143   3299.199557   4103.166015
1.076858   923.701359   1574.973772   3335.166620   4037.016287
1.083108   862.890654   1513.551509   2644.367329   3671.804563
1.089358   881.979352   1522.569007   2689.788483   3577.441743
1.095608   936.327605   1509.793721   2335.952971   3611.530612
1.101858   906.499251   1528.668506   2367.780992   3722.231782
1.108108   806.097734   1560.604709   2718.837901   3696.999520
1.114358   779.919769   1569.424501   3065.297145   3658.246078
1.120608   710.246765   1536.317406   2732.599348   3819.355301
1.126858   731.253753   1542.091635   2622.517597   3750.577488
1.133108   727.475778   1589.305672   3177.323402   3773.136997
1.139358   756.503399   1569.759524   3025.598096   4218.733279
1.145608   627.015342   1576.209283   2748.792737   4049.813383
1.151858   614.378805   1660.017819   3004.050156   4372.402313
1.158108   683.096834   1699.785681   3287.587862   4493.726664
1.164358   804.720984   1784.813824   3396.722277   4361.335064
1.170608   885.583243   2037.620384   3374.348910   4255.431748
1.176858   1213.145844   2626.816430   3653.865572   4828.851775
1.183108   1133.120723   2447.946204   3713.211310   5057.611064
1.189358   1127.936936   2248.795517   3606.952208   4241.620484
1.195608   611.300692   1718.841503   3403.697427   3607.671346
1.201858   485.417262   1647.527058   3078.454923   4220.783657
1.208108   1470.792823   2866.245292   3768.249005   4963.204200
